1000
1 997 1145
2 495 1094
3 694 1588
4 119 1149
5 1183 541
6 1333 1013
7 1320 1200
8 501 1695
9 529 1680
10 1243 816
11 946 102
12 1983 1150
13 102 1688
14 1958 330
15 73 1693
16 1235 1061
17 509 1905
18 103 532
19 256 1608
20 465 1160
21 516 1660
22 346 829
23 546 1154
24 1641 180
25 932 1258
26 438 1596
27 353 889
28 46 1942
29 1586 1819
30 1102 1972
31 496 928
32 169 1402
33 237 540
34 1615 1208
35 1764 1731
36 1349 1320
37 1834 452
38 1567 60
39 1027 847
40 740 1917
41 1528 187
42 1713 848
43 417 350
44 1550 1433
45 1730 1420
46 535 759
47 1959 839
48 1436 94
49 692 1758
50 1020 599
51 1665 1012
52 1959 1747
53 1975 155
54 1224 1822
55 1875 309
56 1354 570
57 1584 493
58 1397 677
59 903 1887
60 346 443
61 464 1300
62 442 1407
63 611 953
64 516 907
65 1714 693
66 12 59
67 1859 1543
68 1243 194
69 493 727
70 603 1141
71 412 123
72 1794 261
73 1692 1667
74 598 1101
75 442 307
76 102 1921
77 1249 1731
78 1105 276
79 980 758
80 184 1131
81 531 823
82 1886 1318
83 1866 386
84 1126 952
85 391 1638
86 140 696
87 542 1821
88 1208 847
89 1900 781
90 347 1626
91 673 284
92 355 142
93 1714 216
94 157 1257
95 37 1648
96 336 1037
97 941 742
98 1884 1622
99 326 205
100 806 552
101 822 99
102 1214 56
103 1412 475
104 856 1977
105 657 1150
106 628 814
107 940 842
108 299 106
109 1885 1554
110 842 1930
111 19 663
112 248 1919
113 1454 754
114 827 454
115 174 1812
116 87 1529
117 1893 118
118 527 1666
119 1453 1780
120 433 702
121 1716 1186
122 1567 1560
123 1721 1734
124 1450 502
125 441 1055
126 1226 656
127 1555 1643
128 1851 1700
129 1556 148
130 996 382
131 1152 1401
132 1175 85
133 337 211
134 469 1782
135 1038 178
136 121 683
137 1614 324
138 358 1756
139 737 250
140 1062 845
141 1828 1452
142 61 1797
143 725 1324
144 6 368
145 445 385
146 1935 262
147 1165 1485
148 1237 1729
149 300 688
150 1328 772
151 315 1419
152 4 1526
153 1483 287
154 1998 1313
155 1402 1972
156 406 392
157 373 1838
158 851 1094
159 234 1530
160 1267 1683
161 50 978
162 1746 876
163 912 954
164 91 850
165 434 126
166 1762 992
167 1105 640
168 676 571
169 1921 1782
170 1595 859
171 1222 1167
172 306 1382
173 850 1190
174 9 1453
175 1332 498
176 692 434
177 1267 1543
178 1584 911
179 957 3
180 438 651
181 1353 1695
182 731 1505
183 1747 111
184 612 517
185 846 328
186 1580 1416
187 1791 858
188 390 1402
189 669 124
190 1517 7
191 791 51
192 1049 74
193 1792 586
194 289 714
195 949 337
196 751 1497
197 704 1633
198 528 214
199 940 1133
200 1540 1422
201 115 1217
202 28 1859
203 294 295
204 1433 185
205 348 1323
206 343 784
207 1254 394
208 641 899
209 1301 667
210 433 518
211 1979 540
212 1225 386
213 198 754
214 1176 1251
215 1899 176
216 1563 1573
217 1326 1676
218 1223 202
219 424 1931
220 1041 568
221 1944 1388
222 1239 206
223 0 137
224 1534 1251
225 1153 353
226 818 1794
227 1801 1463
228 693 331
229 505 1193
230 1801 1996
231 694 1835
232 446 1002
233 1211 403
234 904 872
235 1387 1056
236 637 146
237 1258 1170
238 28 270
239 560 49
240 561 1952
241 126 1909
242 282 1019
243 1412 334
244 1227 471
245 867 571
246 561 12
247 428 465
248 895 633
249 1928 1167
250 142 1950
251 1357 671
252 1692 1261
253 678 1881
254 865 328
255 60 1387
256 782 834
257 1283 734
258 635 1979
259 1216 554
260 442 218
261 1407 281
262 1777 691
263 925 305
264 1813 1177
265 1354 1479
266 316 1830
267 951 186
268 837 1561
269 1969 1984
270 208 230
271 1109 1729
272 219 1083
273 1882 178
274 1628 1156
275 1291 799
276 1998 493
277 1389 1948
278 903 1929
279 46 1439
280 1432 1993
281 1394 1444
282 369 980
283 1922 876
284 1743 1802
285 1472 977
286 290 578
287 450 1486
288 652 1506
289 1132 645
290 328 509
291 275 1689
292 1230 1841
293 439 230
294 1771 319
295 1559 678
296 833 494
297 1390 1296
298 66 239
299 1631 1725
300 914 246
301 741 739
302 1031 611
303 1715 1359
304 753 1431
305 1616 1191
306 42 323
307 412 1313
308 1666 199
309 1261 877
310 1231 515
311 101 924
312 1194 1178
313 1111 131
314 1723 1854
315 1402 1642
316 796 1854
317 231 824
318 1711 142
319 810 705
320 612 774
321 27 534
322 666 1327
323 392 1387
324 1821 1433
325 1426 1378
326 1941 165
327 1058 1646
328 1323 815
329 857 556
330 615 1681
331 367 736
332 1912 1781
333 460 1067
334 19 1897
335 743 1194
336 423 639
337 1141 446
338 1160 359
339 1281 853
340 291 736
341 473 251
342 231 207
343 608 726
344 1885 5
345 1922 928
346 651 1246
347 1745 1931
348 318 925
349 633 512
350 1548 107
351 1427 211
352 310 1871
353 1813 1405
354 659 1620
355 1226 1387
356 1543 1704
357 953 856
358 375 102
359 1662 424
360 263 734
361 1512 746
362 1587 1791
363 1373 1723
364 748 876
365 557 824
366 1534 194
367 0 1058
368 1099 1849
369 1657 1923
370 27 690
371 1803 1179
372 932 1112
373 1273 643
374 146 1078
375 1512 485
376 1022 1757
377 474 1709
378 1193 922
379 681 1374
380 404 911
381 507 1211
382 1810 650
383 1698 447
384 1673 31
385 1922 723
386 1285 947
387 1293 1443
388 914 175
389 647 1294
390 1779 197
391 691 622
392 767 1091
393 1106 800
394 1903 791
395 1749 1844
396 1018 841
397 274 1217
398 1500 69
399 706 484
400 1804 1631
401 109 1888
402 358 1973
403 447 1805
404 510 1760
405 287 161
406 826 1613
407 1327 563
408 1766 572
409 316 1852
410 1930 338
411 288 1787
412 582 319
413 115 543
414 1571 1183
415 331 1305
416 1589 87
417 813 967
418 1817 355
419 908 1409
420 1387 1405
421 1729 1608
422 251 181
423 1271 210
424 580 645
425 1351 114
426 1826 983
427 512 1833
428 1443 448
429 1708 1621
430 838 618
431 502 33
432 762 738
433 1697 685
434 1135 1385
435 687 1850
436 1354 302
437 311 1216
438 108 266
439 125 150
440 1096 1444
441 887 1587
442 1333 936
443 1007 348
444 679 1675
445 169 303
446 826 639
447 831 1388
448 1854 53
449 153 1216
450 494 822
451 1651 1704
452 1916 1238
453 1335 1232
454 892 708
455 1643 1568
456 429 925
457 97 879
458 577 374
459 1669 498
460 664 1974
461 898 1250
462 1382 719
463 127 843
464 1235 151
465 291 1595
466 1371 1564
467 371 251
468 1119 1159
469 958 554
470 1059 1690
471 1542 231
472 890 33
473 1399 634
474 1194 118
475 1214 1166
476 1308 1816
477 1277 594
478 1633 1229
479 676 1735
480 1362 777
481 1588 1205
482 1733 1347
483 1713 814
484 1492 641
485 936 543
486 1635 769
487 1496 221
488 1413 1721
489 1103 663
490 28 141
491 825 1585
492 123 134
493 1964 733
494 394 593
495 1809 1749
496 527 1185
497 1429 1875
498 330 1122
499 646 1379
500 188 1448
501 1854 613
502 1606 523
503 1703 802
504 555 603
505 172 246
506 1096 1140
507 627 380
508 1638 82
509 691 1516
510 1251 1680
511 557 235
512 706 877
513 533 270
514 1876 1698
515 1244 1565
516 770 1404
517 350 670
518 1169 1041
519 308 1446
520 1589 635
521 1227 923
522 1958 20
523 415 1864
524 1498 964
525 1604 1137
526 212 1111
527 974 917
528 1444 139
529 771 50
530 1750 1437
531 627 91
532 1101 236
533 1348 845
534 710 1075
535 223 1704
536 318 428
537 330 829
538 1942 201
539 791 836
540 1188 304
541 1473 862
542 561 67
543 1265 1524
544 1183 1045
545 126 1965
546 567 1652
547 1336 1203
548 1532 625
549 391 1911
550 945 1078
551 961 236
552 429 254
553 626 992
554 312 1446
555 1175 41
556 1288 1099
557 1086 644
558 768 1714
559 1324 419
560 1075 1902
561 126 1186
562 499 1911
563 988 1359
564 294 890
565 176 1827
566 73 491
567 241 1696
568 1057 171
569 1788 1472
570 1934 494
571 1333 1451
572 1999 1977
573 225 75
574 312 1798
575 27 359
576 1845 574
577 782 1900
578 1610 112
579 1686 154
580 1284 1794
581 1643 557
582 1983 490
583 196 574
584 1489 198
585 1747 880
586 298 8
587 473 91
588 156 1539
589 46 732
590 1425 624
591 1983 1198
592 1520 257
593 392 422
594 809 1336
595 1346 1109
596 1675 208
597 1543 571
598 162 1042
599 1006 536
600 1295 1617
601 1020 471
602 1829 830
603 621 336
604 1822 1865
605 592 1556
606 552 967
607 598 273
608 124 1916
609 1923 752
610 484 474
611 43 758
612 2 1696
613 433 1548
614 561 1038
615 1207 1022
616 676 54
617 1403 1880
618 1051 744
619 1117 1825
620 1179 1734
621 635 968
622 840 1403
623 708 1144
624 1752 1698
625 116 1905
626 844 1463
627 331 1187
628 1115 1794
629 1189 671
630 481 611
631 1459 655
632 1548 743
633 1445 811
634 1871 161
635 1223 1133
636 530 1989
637 1126 657
638 1178 657
639 446 985
640 1047 765
641 986 663
642 853 598
643 1965 154
644 595 1284
645 352 57
646 558 220
647 880 60
648 265 605
649 768 1697
650 494 926
651 1700 1984
652 1766 1029
653 1966 591
654 1804 930
655 1214 655
656 1041 1942
657 426 1250
658 1994 1499
659 321 463
660 1653 56
661 1648 706
662 8 770
663 745 1812
664 175 0
665 520 1617
666 1520 228
667 386 358
668 1398 1629
669 829 1872
670 1710 23
671 579 1524
672 1972 18
673 421 538
674 152 374
675 1614 55
676 433 820
677 460 1153
678 855 224
679 704 1771
680 583 1632
681 1939 19
682 1641 498
683 1187 682
684 11 32
685 809 308
686 4 345
687 79 71
688 1079 1174
689 215 1783
690 1455 68
691 201 1304
692 1200 1871
693 1525 1187
694 101 1284
695 1918 1241
696 1764 70
697 257 1378
698 1763 689
699 1839 1412
700 1530 1186
701 1017 86
702 1186 1955
703 1366 1172
704 1646 1901
705 555 1685
706 791 1811
707 1992 1264
708 1459 1973
709 103 860
710 78 962
711 1441 263
712 1879 1697
713 228 1704
714 794 1907
715 1991 78
716 1966 58
717 490 1623
718 467 827
719 1382 112
720 819 1931
721 1464 1790
722 564 1847
723 776 64
724 1859 886
725 1056 249
726 1068 1266
727 1986 442
728 1661 436
729 569 1925
730 1091 1861
731 1628 1295
732 1047 1471
733 147 799
734 397 1353
735 1198 359
736 59 580
737 82 546
738 606 960
739 1277 861
740 205 1231
741 421 181
742 1598 464
743 701 1930
744 1197 459
745 758 1864
746 1858 158
747 1881 1498
748 481 556
749 1404 1605
750 1443 1034
751 892 8
752 947 1819
753 1170 322
754 1062 407
755 146 1645
756 1150 400
757 638 488
758 683 515
759 402 1508
760 891 688
761 1863 522
762 1580 1859
763 499 1202
764 424 590
765 1022 1574
766 662 1329
767 1524 1947
768 1592 1814
769 151 1995
770 220 1095
771 1223 743
772 906 181
773 179 1926
774 100 1365
775 454 577
776 880 745
777 1679 340
778 524 776
779 1066 1626
780 1504 1668
781 763 374
782 393 528
783 1628 155
784 1810 1827
785 1725 1857
786 1045 16
787 1978 755
788 1226 1904
789 191 1630
790 565 1761
791 1125 1401
792 168 194
793 1525 1313
794 151 74
795 824 65
796 394 1489
797 744 1389
798 1845 1473
799 921 476
800 964 1675
801 710 1952
802 802 236
803 1127 1853
804 1669 1966
805 170 129
806 940 1740
807 1087 661
808 938 980
809 1207 191
810 1503 510
811 562 987
812 911 1220
813 1656 408
814 1037 1640
815 101 618
816 356 166
817 1840 1435
818 116 774
819 903 694
820 802 685
821 1608 519
822 555 622
823 153 1982
824 195 575
825 1502 1155
826 388 1997
827 1472 324
828 316 243
829 658 569
830 42 19
831 333 603
832 1414 21
833 1476 470
834 344 660
835 730 677
836 836 613
837 1695 1813
838 1492 929
839 467 1913
840 1529 1835
841 815 76
842 104 493
843 1175 1490
844 227 881
845 1094 1431
846 1911 1080
847 916 327
848 540 802
849 1322 1320
850 154 729
851 216 246
852 91 1201
853 1455 1717
854 1029 154
855 1949 314
856 746 656
857 335 603
858 1316 226
859 1860 941
860 232 280
861 1469 1986
862 878 1146
863 1589 1984
864 1730 309
865 822 1743
866 938 48
867 220 1102
868 578 1110
869 1462 496
870 327 1118
871 1620 1718
872 799 1938
873 1048 1986
874 1179 287
875 1800 1457
876 891 1469
877 1922 493
878 83 666
879 1566 1987
880 1812 925
881 347 1474
882 472 81
883 1493 731
884 1569 1332
885 951 1999
886 1727 815
887 1840 334
888 902 1592
889 1427 1263
890 750 1725
891 379 1302
892 1359 1709
893 300 71
894 1590 1970
895 870 800
896 1247 1681
897 372 81
898 406 625
899 1647 1710
900 1462 644
901 1654 1033
902 211 919
903 429 1841
904 950 644
905 914 194
906 1242 1387
907 1925 1669
908 341 1732
909 1311 1084
910 1707 1877
911 788 1194
912 1858 41
913 346 401
914 1402 1226
915 1744 996
916 302 1801
917 1974 1001
918 825 1302
919 1375 910
920 642 1278
921 1106 1324
922 268 704
923 1858 521
924 770 1879
925 1270 306
926 757 1158
927 1894 1061
928 1121 1145
929 798 1080
930 150 860
931 53 1157
932 464 409
933 1919 529
934 405 73
935 489 1257
936 707 1233
937 1618 1799
938 1833 768
939 221 57
940 1158 1388
941 62 76
942 1052 1411
943 805 961
944 1976 1358
945 1037 1313
946 1488 217
947 1996 821
948 1076 1441
949 1341 1403
950 582 1909
951 949 1882
952 1520 210
953 1196 1535
954 1556 1708
955 272 962
956 145 1456
957 423 161
958 1076 1536
959 1066 619
960 276 996
961 437 501
962 681 503
963 226 1037
964 350 1167
965 1104 60
966 803 1488
967 1235 851
968 1280 393
969 100 657
970 302 793
971 500 864
972 1548 1112
973 1362 613
974 1326 1607
975 1207 892
976 1364 450
977 1749 822
978 577 225
979 1589 1525
980 967 615
981 173 1485
982 1182 309
983 1061 1730
984 676 1099
985 54 426
986 1988 1034
987 2 355
988 1976 465
989 752 66
990 1214 286
991 729 1865
992 441 1173
993 1261 1644
994 1451 333
995 363 1040
996 1708 1280
997 535 1243
998 1416 1210
999 345 1862
1000 920 543
