5000
1 502 624
2 508 1852
3 339 88
4 469 1234
5 730 1499
6 534 1126
7 119 1667
8 93 1838
9 1517 1985
10 921 808
11 851 1215
12 1502 615
13 343 1657
14 1434 527
15 63 254
16 328 1507
17 319 224
18 616 656
19 715 1229
20 1086 821
21 1238 1370
22 249 145
23 120 1921
24 229 149
25 1748 101
26 1342 1784
27 974 784
28 1902 45
29 2 915
30 1897 549
31 1672 901
32 1912 789
33 9 1536
34 1997 418
35 1564 733
36 809 1148
37 1980 1751
38 11 1905
39 1043 1424
40 939 1564
41 433 1208
42 422 776
43 970 538
44 1549 157
45 1697 1250
46 1235 213
47 655 1627
48 12 435
49 1086 353
50 896 1961
51 1473 1848
52 220 497
53 1351 723
54 199 1240
55 393 430
56 1067 321
57 225 1302
58 829 1143
59 1836 1896
60 1121 104
61 239 1594
62 1968 1155
63 29 1019
64 538 1578
65 955 1803
66 1467 1813
67 1602 63
68 1087 139
69 253 550
70 1977 1845
71 1608 1687
72 1714 243
73 1301 128
74 94 1298
75 1201 1402
76 1112 1553
77 199 1310
78 1704 1879
79 1995 1808
80 635 504
81 1830 751
82 1147 1959
83 1464 1551
84 335 1875
85 642 456
86 1109 862
87 1705 55
88 1954 1451
89 1109 500
90 96 349
91 1621 303
92 1277 1873
93 1383 461
94 1413 662
95 562 1759
96 1327 1027
97 96 1823
98 1156 250
99 664 1718
100 1913 1350
101 579 1582
102 935 963
103 1724 1123
104 934 753
105 123 859
106 1107 1137
107 1709 1141
108 563 1044
109 1085 1048
110 1322 1900
111 1531 981
112 365 884
113 796 49
114 241 381
115 1192 651
116 1224 1226
117 928 226
118 121 1021
119 701 1069
120 524 1450
121 1129 751
122 1902 156
123 933 924
124 181 1989
125 567 175
126 1169 1151
127 929 849
128 1117 1256
129 1570 1611
130 989 1247
131 1159 1505
132 1538 635
133 503 1170
134 520 1557
135 941 1844
136 1450 183
137 740 914
138 636 58
139 546 1389
140 781 351
141 1618 156
142 190 487
143 892 261
144 830 1309
145 96 18
146 1234 474
147 146 566
148 699 1124
149 1094 18
150 745 420
151 1742 183
152 1300 821
153 241 1445
154 758 120
155 1661 887
156 46 1662
157 1614 1338
158 743 334
159 1394 15
160 1844 192
161 991 240
162 659 514
163 794 1228
164 1711 1310
165 927 1076
166 1429 681
167 60 1922
168 309 234
169 339 1899
170 55 1813
171 1225 1279
172 457 1398
173 142 1591
174 37 953
175 1833 393
176 1259 1446
177 809 43
178 38 11
179 1240 1977
180 18 551
181 678 260
182 242 1058
183 1238 1475
184 1152 305
185 1006 1034
186 743 340
187 1203 68
188 1398 1339
189 1033 767
190 1562 769
191 132 286
192 602 874
193 4 1530
194 348 1986
195 1713 1884
196 1562 683
197 1625 1310
198 929 1430
199 534 1591
200 407 1689
201 1788 1978
202 1264 1683
203 1024 1264
204 1973 1486
205 1330 1310
206 1416 1749
207 957 883
208 950 1255
209 893 1550
210 1003 1048
211 766 1642
212 1001 742
213 1611 1567
214 1804 1661
215 591 1802
216 618 413
217 494 189
218 1229 20
219 190 1442
220 92 483
221 1418 1315
222 357 884
223 879 1352
224 953 909
225 198 94
226 1629 1019
227 1676 635
228 1147 341
229 1302 368
230 1603 1693
231 49 90
232 1609 1524
233 718 623
234 196 398
235 871 640
236 1305 1122
237 441 1593
238 1374 1106
239 501 1592
240 1152 1166
241 835 280
242 1943 1819
243 950 293
244 399 683
245 1758 308
246 1275 133
247 935 147
248 1633 374
249 1361 161
250 98 1599
251 764 1129
252 198 1469
253 1622 1782
254 363 134
255 1012 1301
256 668 1050
257 1612 249
258 499 1387
259 40 1585
260 1159 1651
261 1213 355
262 1800 1694
263 245 1444
264 1682 1615
265 957 813
266 1659 615
267 193 407
268 901 1978
269 1412 1989
270 117 845
271 749 1401
272 1099 660
273 139 1508
274 748 1308
275 750 708
276 751 466
277 1615 1868
278 320 70
279 794 1798
280 1729 867
281 1722 572
282 54 1148
283 898 1691
284 308 337
285 1935 381
286 761 1939
287 1306 307
288 213 617
289 31 1923
290 1483 1032
291 1655 455
292 1066 631
293 568 1544
294 24 1411
295 1611 716
296 811 1259
297 1546 347
298 1296 620
299 620 595
300 1031 1025
301 1704 1737
302 857 62
303 1818 1673
304 700 59
305 1920 585
306 1943 1427
307 1620 772
308 410 55
309 720 1157
310 607 617
311 1788 821
312 273 1183
313 222 411
314 1701 548
315 786 1434
316 938 158
317 40 671
318 1077 300
319 1840 717
320 1624 702
321 1733 674
322 1452 1251
323 1802 31
324 1079 846
325 504 994
326 1169 744
327 1631 603
328 285 1768
329 1235 965
330 1231 1745
331 1805 1265
332 910 873
333 1918 1123
334 1033 1728
335 815 1230
336 1824 1748
337 321 568
338 390 133
339 1927 220
340 1280 1336
341 1090 335
342 1970 1877
343 21 1219
344 113 388
345 1068 793
346 709 1729
347 946 1743
348 1027 1321
349 1215 1702
350 1062 404
351 1666 1017
352 574 1097
353 916 910
354 701 1328
355 272 1286
356 1389 189
357 496 14
358 1738 27
359 1263 505
360 1660 491
361 1247 863
362 289 1876
363 315 1773
364 1050 647
365 1135 324
366 1476 754
367 1758 170
368 1238 343
369 1390 946
370 405 724
371 1594 968
372 1790 759
373 440 763
374 1958 788
375 361 1786
376 1911 912
377 262 1326
378 661 1609
379 1240 119
380 1785 512
381 1423 1896
382 597 32
383 214 66
384 1491 481
385 1847 402
386 1949 26
387 1093 456
388 1049 157
389 1148 573
390 374 1123
391 1542 1516
392 1504 1637
393 878 1549
394 50 1662
395 205 1570
396 439 1786
397 1547 825
398 1230 498
399 489 753
400 1176 1159
401 271 248
402 759 580
403 1821 736
404 1291 1651
405 1571 1353
406 212 1704
407 1555 189
408 1770 1695
409 415 736
410 945 1526
411 792 636
412 1043 1658
413 1249 1891
414 301 856
415 664 1759
416 1581 1956
417 285 1533
418 872 22
419 211 572
420 64 1582
421 1663 725
422 1528 915
423 100 395
424 871 758
425 586 83
426 1754 1656
427 1745 1018
428 868 335
429 1662 1426
430 1447 224
431 741 1833
432 1403 1853
433 583 665
434 1604 716
435 1658 650
436 1184 1087
437 1520 224
438 318 1544
439 329 11
440 42 1882
441 817 1383
442 945 42
443 31 1893
444 1998 187
445 1842 671
446 916 1098
447 1030 956
448 920 1946
449 1298 153
450 536 545
451 1371 1057
452 1750 839
453 1144 1460
454 1294 806
455 1027 44
456 194 406
457 1129 1113
458 447 38
459 1869 227
460 476 1690
461 785 883
462 1084 1614
463 645 689
464 814 1236
465 235 1395
466 873 1107
467 1969 1263
468 1105 153
469 1528 1084
470 651 1277
471 962 1103
472 1181 1594
473 700 563
474 1816 333
475 1504 1807
476 1056 836
477 764 1543
478 1441 1050
479 95 1475
480 931 771
481 1778 487
482 59 1090
483 1302 1068
484 360 1158
485 430 217
486 125 1355
487 721 1258
488 257 1827
489 685 1065
490 932 810
491 741 1470
492 1180 128
493 1265 1330
494 1856 92
495 932 1435
496 1281 488
497 913 1673
498 755 1115
499 420 849
500 181 1862
501 1321 626
502 425 1796
503 1373 79
504 545 1987
505 526 1044
506 1438 482
507 211 1001
508 1453 97
509 697 926
510 558 1037
511 1289 762
512 637 1015
513 720 1884
514 1268 1758
515 583 1341
516 865 1571
517 354 667
518 1559 1034
519 979 1026
520 856 624
521 1981 337
522 1971 1470
523 11 129
524 1433 787
525 1100 1499
526 430 1411
527 1034 110
528 1619 1979
529 146 1932
530 505 1360
531 272 320
532 1203 825
533 1785 1421
534 1986 1096
535 1234 460
536 131 77
537 836 1854
538 1269 1798
539 1756 1722
540 958 841
541 705 515
542 497 1869
543 1763 555
544 922 1191
545 1876 367
546 1034 417
547 792 914
548 805 622
549 179 1270
550 65 1158
551 828 1119
552 945 692
553 1010 1606
554 440 631
555 1813 791
556 807 469
557 524 1076
558 1658 1799
559 238 1251
560 109 817
561 1260 1169
562 869 67
563 1685 1195
564 483 11
565 1425 851
566 1086 1476
567 374 1817
568 1057 699
569 1590 920
570 1797 1276
571 1577 628
572 317 1469
573 159 661
574 1152 1713
575 367 676
576 711 498
577 488 984
578 815 1480
579 1562 722
580 1816 216
581 933 1858
582 184 1523
583 21 813
584 1089 637
585 263 967
586 163 1556
587 1830 1560
588 1043 904
589 1285 45
590 873 956
591 230 505
592 351 784
593 1336 666
594 171 185
595 1848 1251
596 530 1323
597 500 1132
598 1649 509
599 685 250
600 955 744
601 383 1890
602 799 672
603 799 1562
604 1158 617
605 850 567
606 1805 1587
607 631 1096
608 1546 160
609 628 1708
610 1886 1698
611 1756 29
612 467 179
613 393 1607
614 1575 151
615 147 1369
616 554 609
617 1158 353
618 805 1294
619 1995 1294
620 1141 1899
621 1548 1428
622 1124 689
623 724 1510
624 372 679
625 144 1548
626 271 339
627 1066 1489
628 981 293
629 1901 129
630 449 1566
631 960 1454
632 1072 1435
633 1890 1197
634 753 28
635 1753 1579
636 942 26
637 1565 1024
638 1461 1903
639 1637 446
640 1305 240
641 454 154
642 569 1906
643 930 647
644 1368 707
645 1587 1590
646 155 273
647 482 1126
648 1032 696
649 1123 1683
650 13 1948
651 1596 753
652 1508 1445
653 1556 1991
654 1989 1049
655 876 97
656 672 284
657 64 1700
658 1230 1665
659 1968 933
660 1485 1295
661 1029 78
662 1991 1628
663 67 1377
664 392 745
665 1740 791
666 1094 684
667 1582 1464
668 1867 1509
669 52 1077
670 1563 1883
671 1775 255
672 529 1714
673 1990 1453
674 185 297
675 1445 661
676 1624 966
677 1727 1027
678 599 1064
679 1352 938
680 1892 1834
681 599 1868
682 1199 476
683 753 919
684 269 1213
685 51 252
686 860 1953
687 60 686
688 23 1141
689 947 1176
690 1740 1776
691 1703 313
692 582 215
693 22 186
694 1262 1957
695 259 559
696 873 900
697 295 1437
698 183 1053
699 675 386
700 479 1453
701 1829 893
702 1428 736
703 1316 1852
704 75 442
705 1171 286
706 1784 1983
707 546 1010
708 434 1117
709 1686 891
710 999 264
711 1262 979
712 1085 417
713 1326 1899
714 799 1220
715 330 931
716 1244 393
717 1620 1581
718 172 690
719 862 1158
720 1908 1766
721 1887 1269
722 540 372
723 692 141
724 245 420
725 1483 760
726 174 19
727 1718 945
728 725 438
729 241 1439
730 1731 1816
731 575 1458
732 1341 341
733 903 1533
734 1096 1304
735 985 1852
736 862 51
737 210 586
738 1449 796
739 986 1764
740 1128 720
741 1396 276
742 1370 852
743 1802 1591
744 1668 1048
745 1897 1398
746 691 1573
747 160 1572
748 1290 368
749 989 1979
750 1846 494
751 1890 533
752 1854 1191
753 689 1681
754 1198 323
755 1962 681
756 1527 1026
757 1329 271
758 1383 277
759 512 319
760 1869 1529
761 691 1727
762 1135 1717
763 1077 378
764 1566 1873
765 281 754
766 627 1991
767 1046 1349
768 913 1739
769 1211 664
770 889 1954
771 706 444
772 1176 1937
773 819 886
774 133 1233
775 708 543
776 1919 1331
777 204 254
778 1531 342
779 1370 1340
780 1285 1922
781 1360 1789
782 1166 1475
783 831 927
784 1688 1384
785 810 731
786 577 1282
787 888 654
788 1041 1248
789 159 460
790 913 352
791 386 1740
792 1493 926
793 1003 1397
794 1097 1974
795 1267 1959
796 1993 461
797 883 1510
798 1412 1670
799 972 1751
800 1986 1943
801 410 205
802 1919 908
803 1330 1814
804 280 1350
805 692 957
806 1616 1080
807 653 1200
808 109 151
809 1103 1320
810 969 1367
811 342 1951
812 1454 1455
813 506 1571
814 657 83
815 54 1327
816 622 1996
817 1104 332
818 1971 1874
819 1030 915
820 1806 1289
821 862 261
822 806 1851
823 1446 180
824 1060 549
825 1376 625
826 1295 883
827 373 41
828 450 517
829 846 1255
830 1311 1396
831 1993 1028
832 1791 1466
833 1771 3
834 8 1307
835 1106 1422
836 1704 1485
837 132 438
838 1461 1515
839 348 1042
840 421 1780
841 1154 1473
842 1039 1618
843 1450 429
844 832 1902
845 959 1810
846 819 1995
847 1608 1209
848 1954 165
849 1175 957
850 1211 592
851 1596 1461
852 700 1432
853 125 1083
854 1969 1974
855 78 16
856 436 201
857 257 1391
858 1738 1666
859 24 158
860 1984 397
861 1066 589
862 1482 1158
863 191 48
864 925 687
865 365 46
866 535 1387
867 603 1096
868 883 911
869 518 830
870 1694 1840
871 1893 1348
872 1254 1806
873 299 658
874 1817 190
875 858 28
876 1158 487
877 1768 1110
878 284 535
879 1698 1625
880 163 1446
881 1654 1514
882 1384 300
883 1626 1450
884 565 29
885 1305 1632
886 228 1150
887 1253 1418
888 109 1229
889 1990 1364
890 532 1022
891 224 1733
892 20 448
893 125 1940
894 783 1838
895 412 539
896 995 1907
897 509 1660
898 905 1706
899 1025 1133
900 1092 1119
901 63 1461
902 1551 880
903 56 155
904 748 1358
905 446 1298
906 1808 1832
907 1268 762
908 1296 1439
909 529 1662
910 663 315
911 1150 1237
912 1942 1119
913 991 1518
914 508 273
915 1879 1275
916 1424 1824
917 1053 1180
918 161 502
919 797 750
920 9 791
921 626 1475
922 925 1809
923 1603 1554
924 53 775
925 70 1138
926 773 1734
927 1136 816
928 774 1257
929 1568 1863
930 689 1297
931 729 369
932 993 1337
933 78 1012
934 1531 1115
935 161 1994
936 875 126
937 1368 1289
938 1551 125
939 1444 1482
940 1303 242
941 1441 1065
942 1665 359
943 90 468
944 1310 1481
945 1181 274
946 816 1142
947 485 774
948 1715 562
949 75 832
950 372 1020
951 1292 401
952 1556 295
953 923 79
954 1991 413
955 1777 618
956 825 348
957 511 248
958 303 1559
959 1762 333
960 746 722
961 1598 1088
962 1524 350
963 1296 1273
964 1582 1482
965 417 1790
966 310 474
967 1314 1145
968 1120 444
969 684 261
970 905 605
971 1117 1162
972 983 1549
973 1287 1788
974 1331 1859
975 1093 1781
976 1955 1671
977 1681 1583
978 1794 1934
979 1794 92
980 1261 1477
981 1125 1743
982 1985 1092
983 88 73
984 578 1474
985 83 559
986 236 1477
987 1896 594
988 859 949
989 1327 639
990 519 187
991 1645 943
992 223 994
993 864 237
994 1989 217
995 1180 1418
996 32 851
997 231 1889
998 118 1649
999 214 599
1000 1655 1214
1001 1413 1967
1002 841 1193
1003 1954 513
1004 1575 341
1005 226 1333
1006 380 624
1007 965 1272
1008 991 1175
1009 895 148
1010 1428 1544
1011 1702 1334
1012 1356 1388
1013 1129 1430
1014 570 1904
1015 1393 1822
1016 1058 987
1017 510 1017
1018 1615 258
1019 1704 1743
1020 1745 1733
1021 1446 829
1022 179 1687
1023 477 1171
1024 198 162
1025 565 478
1026 1024 26
1027 771 1279
1028 624 585
1029 274 301
1030 867 825
1031 299 1712
1032 556 796
1033 115 452
1034 957 151
1035 1567 1644
1036 943 602
1037 1313 895
1038 189 1002
1039 1322 1707
1040 1599 433
1041 4 213
1042 1785 560
1043 1381 1441
1044 527 909
1045 1529 246
1046 972 155
1047 940 1451
1048 445 1382
1049 1953 332
1050 492 1457
1051 803 1512
1052 1062 1764
1053 79 103
1054 819 436
1055 806 1508
1056 1648 1847
1057 225 1450
1058 777 352
1059 1860 76
1060 1921 270
1061 1420 1261
1062 514 175
1063 1631 999
1064 732 401
1065 1443 198
1066 747 545
1067 1305 1743
1068 1289 673
1069 863 1338
1070 512 1103
1071 1765 1657
1072 11 270
1073 94 1646
1074 347 1361
1075 1163 1437
1076 1697 674
1077 235 1138
1078 1292 1201
1079 933 173
1080 955 1151
1081 365 289
1082 284 131
1083 381 1306
1084 524 1357
1085 300 1335
1086 1317 1861
1087 1279 809
1088 1245 1659
1089 898 750
1090 634 1822
1091 1005 1802
1092 1608 1792
1093 315 149
1094 1332 1586
1095 300 101
1096 132 1962
1097 956 1963
1098 532 979
1099 1290 1646
1100 1711 545
1101 421 17
1102 1756 1795
1103 1768 1602
1104 1832 376
1105 156 1808
1106 731 1647
1107 1296 1402
1108 1939 385
1109 890 1762
1110 681 295
1111 1688 1135
1112 678 1246
1113 1088 994
1114 970 1888
1115 1444 1039
1116 1996 1942
1117 861 1500
1118 1644 569
1119 168 1322
1120 417 999
1121 791 44
1122 281 580
1123 906 561
1124 1447 1661
1125 167 1348
1126 1875 807
1127 173 496
1128 42 136
1129 1680 753
1130 399 1640
1131 1499 1028
1132 887 689
1133 99 1306
1134 186 508
1135 547 1029
1136 336 1170
1137 710 1672
1138 493 767
1139 1616 876
1140 164 946
1141 1937 982
1142 1035 38
1143 1038 530
1144 595 1502
1145 1489 1465
1146 478 28
1147 976 519
1148 32 1889
1149 1090 1922
1150 1470 1630
1151 377 1943
1152 1352 454
1153 1371 646
1154 1905 1890
1155 1061 1697
1156 373 1019
1157 1188 623
1158 781 942
1159 1713 1801
1160 178 404
1161 943 1078
1162 1032 1582
1163 378 1897
1164 1438 1709
1165 604 1795
1166 1282 1550
1167 273 1775
1168 159 1524
1169 344 1246
1170 362 1266
1171 1453 1675
1172 1851 290
1173 123 1975
1174 492 288
1175 434 498
1176 1202 341
1177 1602 1907
1178 657 1447
1179 1585 1170
1180 1260 1697
1181 1368 998
1182 111 1275
1183 902 1290
1184 385 1918
1185 1331 68
1186 445 1382
1187 335 612
1188 1027 1344
1189 1787 1812
1190 1687 650
1191 1415 437
1192 313 242
1193 1931 1110
1194 350 444
1195 1320 1787
1196 161 1291
1197 1279 1071
1198 1322 214
1199 1249 865
1200 831 147
1201 1057 347
1202 178 1451
1203 159 393
1204 1675 937
1205 411 88
1206 1753 761
1207 567 1556
1208 1598 1127
1209 427 381
1210 687 190
1211 1655 654
1212 1103 674
1213 729 886
1214 415 899
1215 651 1376
1216 1905 513
1217 1659 602
1218 1082 304
1219 859 177
1220 1904 1545
1221 1108 1772
1222 938 978
1223 1254 1408
1224 1788 333
1225 815 211
1226 1693 492
1227 24 1455
1228 228 147
1229 1092 621
1230 667 1065
1231 1390 1061
1232 371 810
1233 446 509
1234 949 1635
1235 1537 1628
1236 1541 468
1237 1609 690
1238 1949 709
1239 1209 1616
1240 900 95
1241 139 893
1242 677 1145
1243 748 1818
1244 683 1939
1245 1309 1826
1246 1895 1506
1247 1225 846
1248 942 1112
1249 535 907
1250 440 83
1251 911 1586
1252 247 142
1253 1103 270
1254 1031 1751
1255 362 1575
1256 983 1594
1257 844 552
1258 1404 699
1259 1381 1354
1260 1000 956
1261 1519 1519
1262 695 200
1263 1953 1541
1264 839 1425
1265 1651 1155
1266 422 446
1267 1277 588
1268 923 280
1269 1647 572
1270 1229 947
1271 1744 989
1272 199 1378
1273 522 1201
1274 786 498
1275 1554 297
1276 819 1126
1277 675 1651
1278 1029 1727
1279 385 14
1280 1300 1778
1281 970 1956
1282 830 603
1283 803 1380
1284 1180 234
1285 1600 755
1286 1048 1220
1287 1162 1737
1288 1714 1141
1289 1108 493
1290 1597 746
1291 1472 146
1292 1062 829
1293 509 597
1294 302 1770
1295 1301 1131
1296 926 1416
1297 1518 940
1298 86 199
1299 816 130
1300 511 429
1301 1131 355
1302 1284 1086
1303 454 678
1304 1647 492
1305 1541 1648
1306 975 333
1307 1488 729
1308 1324 475
1309 1682 1975
1310 1281 313
1311 1863 223
1312 1969 508
1313 156 654
1314 1912 865
1315 1525 460
1316 1944 323
1317 1880 764
1318 43 928
1319 1089 29
1320 1574 1098
1321 512 250
1322 1076 804
1323 674 9
1324 890 1018
1325 660 1203
1326 1084 1093
1327 341 469
1328 1091 287
1329 1123 920
1330 613 1082
1331 977 447
1332 1848 437
1333 1383 1301
1334 1996 1854
1335 14 128
1336 478 247
1337 918 680
1338 758 1355
1339 1686 71
1340 4 638
1341 349 1947
1342 1246 404
1343 51 148
1344 940 40
1345 1703 594
1346 837 109
1347 1725 1246
1348 1917 1473
1349 2 1610
1350 777 286
1351 809 690
1352 623 798
1353 1725 1585
1354 1145 1759
1355 1357 703
1356 1555 856
1357 1276 638
1358 350 21
1359 484 1525
1360 1992 695
1361 1534 821
1362 1188 1059
1363 335 581
1364 1688 692
1365 138 39
1366 22 167
1367 997 588
1368 340 1704
1369 1982 760
1370 537 145
1371 1911 268
1372 936 1786
1373 131 1390
1374 1671 1165
1375 1319 134
1376 818 827
1377 892 115
1378 664 1490
1379 954 19
1380 1308 641
1381 161 1362
1382 466 1216
1383 1225 1478
1384 1707 804
1385 393 1127
1386 1149 1516
1387 1404 1490
1388 1967 329
1389 290 853
1390 34 1912
1391 284 218
1392 639 621
1393 1026 1966
1394 1329 1484
1395 313 1283
1396 1257 826
1397 538 1921
1398 1121 1363
1399 729 1556
1400 555 759
1401 1354 1760
1402 501 240
1403 965 117
1404 1118 772
1405 1541 1423
1406 1014 814
1407 1394 208
1408 1698 1295
1409 317 1403
1410 1991 1993
1411 112 454
1412 770 902
1413 569 275
1414 1596 1949
1415 1883 1553
1416 1200 1735
1417 332 751
1418 522 1922
1419 39 504
1420 308 1729
1421 1930 995
1422 754 625
1423 1559 1738
1424 273 1497
1425 760 1498
1426 1882 341
1427 1120 787
1428 1462 273
1429 845 1621
1430 1998 1974
1431 932 104
1432 1543 345
1433 234 1686
1434 1193 822
1435 1385 574
1436 1506 1875
1437 1556 257
1438 261 518
1439 1626 1932
1440 1079 1203
1441 1857 751
1442 1249 577
1443 1880 1603
1444 589 34
1445 209 696
1446 306 583
1447 1954 1807
1448 973 618
1449 1518 198
1450 1186 1542
1451 1888 1185
1452 472 1089
1453 1455 331
1454 677 356
1455 1712 1751
1456 1829 799
1457 1703 1876
1458 780 859
1459 477 548
1460 31 720
1461 1404 1665
1462 1588 1592
1463 1131 1725
1464 390 138
1465 1139 684
1466 243 1077
1467 246 1238
1468 633 958
1469 1412 935
1470 111 1578
1471 1829 1810
1472 1727 184
1473 226 224
1474 1864 717
1475 740 896
1476 1878 1024
1477 1547 493
1478 1157 774
1479 1598 714
1480 997 763
1481 752 405
1482 94 716
1483 689 1746
1484 319 1257
1485 1037 809
1486 1076 1134
1487 258 1273
1488 522 900
1489 1662 1893
1490 1242 1686
1491 1573 1074
1492 731 11
1493 172 526
1494 1631 1537
1495 807 735
1496 1949 598
1497 1939 41
1498 1798 1112
1499 74 691
1500 73 318
1501 48 191
1502 1826 524
1503 334 126
1504 895 913
1505 398 1724
1506 632 264
1507 1721 491
1508 1656 1477
1509 1266 1571
1510 600 293
1511 773 1989
1512 149 1068
1513 1796 1794
1514 1733 794
1515 1652 1796
1516 1609 565
1517 1258 1871
1518 16 486
1519 714 1692
1520 1298 82
1521 1178 1744
1522 1910 1131
1523 1683 339
1524 1629 403
1525 679 1612
1526 1992 350
1527 1590 126
1528 1030 1652
1529 1299 1925
1530 959 1927
1531 949 1570
1532 1834 1343
1533 1791 1793
1534 1290 1432
1535 1262 1055
1536 74 1645
1537 1096 273
1538 84 622
1539 299 406
1540 1649 684
1541 1292 1416
1542 1735 1984
1543 1757 1586
1544 457 1258
1545 1795 1336
1546 301 1096
1547 1651 813
1548 1682 851
1549 396 1677
1550 265 1414
1551 1066 344
1552 1360 1769
1553 1399 1982
1554 852 745
1555 485 1763
1556 941 1300
1557 841 1746
1558 1957 1099
1559 1017 603
1560 1834 663
1561 1236 1103
1562 328 1983
1563 751 239
1564 874 1871
1565 1636 1304
1566 448 472
1567 114 1497
1568 1382 1889
1569 309 721
1570 1676 1821
1571 466 1274
1572 12 529
1573 1896 1673
1574 216 207
1575 1743 425
1576 1153 1967
1577 15 1367
1578 1634 75
1579 1164 1446
1580 128 167
1581 661 435
1582 1748 1942
1583 49 455
1584 1592 619
1585 1440 1814
1586 447 409
1587 1247 1609
1588 802 826
1589 606 1757
1590 1564 1186
1591 1503 1124
1592 1744 261
1593 1719 440
1594 452 1583
1595 347 85
1596 288 54
1597 1244 150
1598 1710 1017
1599 1104 1174
1600 501 1141
1601 1761 1111
1602 399 739
1603 1981 1678
1604 1904 1606
1605 389 1596
1606 224 614
1607 496 1493
1608 131 676
1609 1869 712
1610 697 1069
1611 1959 1718
1612 1935 84
1613 1829 1017
1614 1683 156
1615 528 393
1616 6 1966
1617 1731 1755
1618 1632 1861
1619 15 1296
1620 1178 859
1621 8 293
1622 8 1739
1623 1278 1595
1624 1402 390
1625 739 1832
1626 324 52
1627 310 335
1628 1655 778
1629 1238 1767
1630 1467 1061
1631 1938 1999
1632 1755 672
1633 388 208
1634 806 1126
1635 1250 260
1636 1701 755
1637 1815 1462
1638 670 1235
1639 290 1386
1640 1181 1621
1641 939 1739
1642 1776 623
1643 1064 519
1644 1405 919
1645 89 1839
1646 10 1389
1647 1976 1078
1648 1974 1201
1649 586 1805
1650 1345 1731
1651 240 441
1652 392 1270
1653 1988 1894
1654 576 1449
1655 1376 1229
1656 1808 948
1657 348 90
1658 137 1409
1659 1382 1234
1660 424 227
1661 1704 833
1662 237 1137
1663 224 1973
1664 112 1358
1665 1870 267
1666 978 1553
1667 1029 444
1668 279 1176
1669 1594 546
1670 774 106
1671 1157 1172
1672 1733 296
1673 706 1994
1674 1044 1612
1675 548 292
1676 1470 1727
1677 804 1882
1678 377 697
1679 577 1507
1680 1704 1164
1681 564 854
1682 379 1635
1683 1953 368
1684 828 656
1685 1793 907
1686 1495 673
1687 45 828
1688 824 1362
1689 1689 1587
1690 1073 1081
1691 1596 688
1692 610 1798
1693 1286 1598
1694 1627 1762
1695 1258 1415
1696 1580 1743
1697 1881 1025
1698 1624 1131
1699 151 577
1700 1671 1548
1701 558 607
1702 1682 1492
1703 1456 645
1704 1795 760
1705 112 574
1706 697 1633
1707 821 878
1708 1619 1955
1709 876 1504
1710 1093 1085
1711 1312 779
1712 1192 137
1713 1551 1940
1714 1997 241
1715 1858 1056
1716 1038 684
1717 813 173
1718 455 1950
1719 1576 602
1720 970 826
1721 274 81
1722 1617 779
1723 148 455
1724 1338 450
1725 1101 1373
1726 34 105
1727 1557 1924
1728 825 251
1729 757 568
1730 1007 1812
1731 309 1874
1732 1361 505
1733 1622 1066
1734 48 1305
1735 1812 250
1736 1353 1794
1737 929 218
1738 895 1398
1739 1460 211
1740 360 1874
1741 394 641
1742 1059 171
1743 1677 698
1744 1497 1686
1745 748 808
1746 883 103
1747 1888 1652
1748 477 400
1749 1087 1547
1750 726 1986
1751 1745 1406
1752 1166 951
1753 1587 1092
1754 1180 1064
1755 227 1834
1756 1913 690
1757 1365 1377
1758 1783 873
1759 1458 1739
1760 932 1322
1761 1316 119
1762 1044 1254
1763 1415 1549
1764 602 179
1765 1826 1813
1766 535 423
1767 995 1063
1768 1653 1776
1769 178 76
1770 780 976
1771 375 1398
1772 115 715
1773 1842 1874
1774 1341 124
1775 679 535
1776 1184 1829
1777 1851 600
1778 967 261
1779 1837 482
1780 1394 1179
1781 1697 688
1782 619 1425
1783 1582 1960
1784 824 578
1785 51 46
1786 151 1906
1787 948 1566
1788 557 724
1789 499 1359
1790 1328 1206
1791 562 1994
1792 1571 1060
1793 1224 136
1794 1121 60
1795 15 840
1796 1215 1277
1797 38 962
1798 1043 317
1799 1974 1775
1800 586 642
1801 1911 752
1802 951 527
1803 1669 701
1804 953 930
1805 1749 1363
1806 1193 1842
1807 920 585
1808 399 1969
1809 741 1963
1810 934 504
1811 1164 825
1812 780 356
1813 817 432
1814 993 590
1815 248 1906
1816 773 109
1817 507 1712
1818 192 328
1819 213 134
1820 1296 1948
1821 1415 1487
1822 540 185
1823 1500 268
1824 955 1267
1825 1715 204
1826 1689 138
1827 1748 835
1828 280 1088
1829 386 449
1830 841 1842
1831 974 1079
1832 638 1997
1833 1949 929
1834 57 1235
1835 1901 916
1836 1110 1541
1837 708 1089
1838 1728 423
1839 440 265
1840 158 1045
1841 1876 454
1842 537 8
1843 1694 1801
1844 672 1600
1845 1675 550
1846 22 1688
1847 1992 1138
1848 1509 1674
1849 185 1734
1850 1825 1548
1851 1905 576
1852 147 324
1853 23 1614
1854 907 1754
1855 80 1365
1856 361 1541
1857 168 398
1858 386 1234
1859 1241 126
1860 516 210
1861 126 1935
1862 1842 1356
1863 178 449
1864 262 742
1865 1041 903
1866 773 859
1867 146 1495
1868 1827 972
1869 1274 864
1870 1013 1383
1871 1699 1647
1872 1888 436
1873 1726 138
1874 1511 1602
1875 893 1691
1876 1220 1614
1877 1365 56
1878 1989 613
1879 1097 88
1880 152 583
1881 458 1661
1882 1030 242
1883 393 1906
1884 1945 1190
1885 873 1113
1886 1935 1006
1887 1084 1767
1888 1769 464
1889 697 586
1890 120 269
1891 775 778
1892 1513 1798
1893 22 1945
1894 529 1755
1895 87 1823
1896 1906 1735
1897 1932 1326
1898 1173 142
1899 776 824
1900 1799 227
1901 130 1796
1902 647 820
1903 146 1796
1904 1926 1965
1905 1745 745
1906 623 743
1907 1044 1907
1908 122 1727
1909 1284 565
1910 744 4
1911 1764 1979
1912 1298 974
1913 952 200
1914 1340 513
1915 62 264
1916 1535 1511
1917 716 352
1918 1789 645
1919 1964 1502
1920 467 1333
1921 1292 552
1922 1580 324
1923 1891 303
1924 1804 852
1925 127 634
1926 1118 71
1927 1545 718
1928 1130 1610
1929 1946 1833
1930 1020 398
1931 911 145
1932 773 727
1933 723 741
1934 1284 1802
1935 425 1398
1936 809 921
1937 788 802
1938 264 1988
1939 1890 1142
1940 1149 221
1941 650 149
1942 1196 622
1943 236 430
1944 1768 1479
1945 1431 1968
1946 1865 1794
1947 36 1252
1948 382 608
1949 205 1266
1950 775 1652
1951 1878 1422
1952 1405 1833
1953 1151 1898
1954 809 342
1955 1097 1976
1956 758 332
1957 1533 1220
1958 1984 634
1959 1649 992
1960 946 223
1961 967 1307
1962 1449 203
1963 965 899
1964 817 959
1965 71 172
1966 1821 1806
1967 1965 365
1968 1026 36
1969 1711 1245
1970 720 1669
1971 1855 1468
1972 1659 1166
1973 180 337
1974 779 1269
1975 1091 1311
1976 1936 964
1977 1922 375
1978 865 764
1979 216 1776
1980 1388 1021
1981 1586 24
1982 1751 1569
1983 1797 568
1984 1031 1231
1985 933 1383
1986 1825 1855
1987 861 748
1988 1892 1104
1989 190 1650
1990 793 1591
1991 597 1735
1992 354 1864
1993 415 1819
1994 635 362
1995 40 1329
1996 867 1370
1997 1572 1746
1998 213 1675
1999 1610 151
2000 1377 1332
2001 1251 361
2002 1719 1361
2003 271 1766
2004 1455 11
2005 1109 781
2006 1221 738
2007 1284 936
2008 1454 734
2009 1295 100
2010 1059 1521
2011 1135 1849
2012 373 30
2013 466 1333
2014 1697 948
2015 187 1441
2016 408 1208
2017 1557 1730
2018 1551 1038
2019 1602 313
2020 400 1542
2021 679 1461
2022 569 289
2023 1726 1130
2024 1904 629
2025 179 770
2026 158 1672
2027 684 85
2028 745 1425
2029 832 1262
2030 806 1617
2031 1917 41
2032 478 129
2033 1720 122
2034 1767 977
2035 328 32
2036 369 88
2037 1856 1356
2038 1337 117
2039 1152 1519
2040 1460 450
2041 1580 28
2042 44 1563
2043 960 1639
2044 1943 935
2045 434 990
2046 776 1549
2047 1033 1377
2048 752 1565
2049 1997 1360
2050 685 1645
2051 1819 1551
2052 503 1998
2053 1097 1385
2054 1196 449
2055 944 465
2056 1511 494
2057 1257 1022
2058 981 7
2059 219 1985
2060 1613 344
2061 544 582
2062 1349 1238
2063 527 1349
2064 1555 1023
2065 1563 508
2066 1964 1080
2067 653 1104
2068 1924 1519
2069 1473 324
2070 810 584
2071 1132 1854
2072 866 250
2073 1846 1408
2074 403 1305
2075 1084 145
2076 1382 1219
2077 1103 677
2078 1962 1726
2079 1933 122
2080 1326 563
2081 1534 12
2082 1696 1325
2083 1743 356
2084 217 1819
2085 1235 22
2086 644 1902
2087 1368 772
2088 411 1006
2089 1417 1111
2090 6 182
2091 247 1044
2092 1077 1449
2093 1702 1391
2094 611 1647
2095 293 125
2096 1133 1458
2097 205 688
2098 1189 1370
2099 343 759
2100 868 1110
2101 1540 386
2102 571 1096
2103 30 681
2104 894 342
2105 1184 873
2106 399 965
2107 1150 545
2108 723 906
2109 1267 383
2110 1163 875
2111 831 1341
2112 1513 1629
2113 194 728
2114 381 908
2115 620 1419
2116 348 975
2117 1997 1151
2118 13 1458
2119 763 770
2120 818 987
2121 426 696
2122 680 362
2123 1026 890
2124 1297 765
2125 383 217
2126 1882 792
2127 475 1662
2128 1494 1962
2129 1382 668
2130 1586 926
2131 711 1254
2132 279 967
2133 1769 1303
2134 1900 1371
2135 1079 1336
2136 549 1627
2137 1919 540
2138 375 1248
2139 1189 1675
2140 963 1745
2141 1606 1328
2142 278 1481
2143 9 542
2144 1601 596
2145 1192 830
2146 1914 1637
2147 58 1133
2148 1771 1225
2149 165 1661
2150 767 47
2151 661 787
2152 1772 1393
2153 1947 113
2154 435 1542
2155 1471 1326
2156 1941 457
2157 1674 1670
2158 281 499
2159 237 1821
2160 568 1211
2161 319 1173
2162 1633 501
2163 1988 1462
2164 211 1913
2165 1669 1064
2166 776 261
2167 626 1507
2168 843 1957
2169 1823 83
2170 1806 1284
2171 106 1774
2172 1627 1407
2173 567 629
2174 562 786
2175 852 438
2176 283 768
2177 274 1349
2178 1608 173
2179 92 1205
2180 967 69
2181 224 1666
2182 457 165
2183 1825 986
2184 62 1589
2185 1186 1350
2186 686 349
2187 177 1872
2188 1058 125
2189 1206 609
2190 108 882
2191 1401 1417
2192 81 1909
2193 936 1652
2194 1493 548
2195 710 1146
2196 564 712
2197 709 1359
2198 1070 1626
2199 1303 247
2200 132 569
2201 1424 1957
2202 1919 1896
2203 1087 1272
2204 1041 1271
2205 1289 1162
2206 1675 826
2207 1795 832
2208 1076 231
2209 1933 1033
2210 279 179
2211 168 340
2212 524 1486
2213 523 213
2214 1496 972
2215 135 792
2216 978 1068
2217 1853 829
2218 1831 326
2219 578 131
2220 428 360
2221 936 809
2222 249 1428
2223 1691 1767
2224 525 265
2225 1154 1070
2226 1219 916
2227 24 293
2228 1694 889
2229 1118 1970
2230 1246 649
2231 1845 525
2232 1481 446
2233 943 237
2234 1497 645
2235 255 451
2236 1330 731
2237 1871 1347
2238 1760 58
2239 1528 383
2240 1296 1737
2241 883 1989
2242 283 1663
2243 927 1136
2244 934 1414
2245 1495 1039
2246 354 1175
2247 1546 1437
2248 1164 606
2249 1335 1422
2250 506 707
2251 289 677
2252 1280 1346
2253 1937 1187
2254 1420 1562
2255 778 157
2256 361 1438
2257 742 1295
2258 1623 1102
2259 47 779
2260 1820 318
2261 991 631
2262 408 1289
2263 771 1316
2264 1667 739
2265 72 1357
2266 1354 961
2267 1116 1252
2268 1493 1481
2269 1812 256
2270 1783 972
2271 1228 1152
2272 443 1287
2273 225 201
2274 86 1102
2275 1541 683
2276 1209 380
2277 903 1858
2278 219 1571
2279 63 1652
2280 1202 559
2281 888 1950
2282 720 991
2283 861 1445
2284 1401 1489
2285 1050 1520
2286 916 1727
2287 595 1985
2288 652 1126
2289 634 414
2290 1600 118
2291 858 528
2292 1144 1245
2293 1883 1666
2294 1275 1670
2295 918 1391
2296 1244 590
2297 1299 1742
2298 989 399
2299 751 280
2300 538 93
2301 178 899
2302 108 1431
2303 482 564
2304 503 1588
2305 126 868
2306 1632 1482
2307 1334 833
2308 1391 1335
2309 1220 1403
2310 322 1985
2311 82 1244
2312 631 7
2313 1690 437
2314 1584 787
2315 656 767
2316 1933 685
2317 752 821
2318 346 1664
2319 321 405
2320 1810 1487
2321 1939 78
2322 1617 807
2323 255 750
2324 79 1964
2325 112 927
2326 1133 514
2327 1355 473
2328 706 1353
2329 873 1486
2330 1650 471
2331 1231 827
2332 631 588
2333 656 1923
2334 737 1922
2335 67 100
2336 938 1780
2337 1219 6
2338 230 245
2339 237 452
2340 329 957
2341 448 1732
2342 1276 1447
2343 1602 1237
2344 903 530
2345 689 1030
2346 498 140
2347 446 1155
2348 283 1009
2349 1072 1559
2350 453 1663
2351 1688 990
2352 958 147
2353 1053 1555
2354 1888 950
2355 459 170
2356 1686 335
2357 261 1220
2358 360 1471
2359 1416 1142
2360 1334 570
2361 275 848
2362 1993 1
2363 174 113
2364 651 1062
2365 1381 384
2366 1195 1551
2367 399 54
2368 1843 1561
2369 392 19
2370 1866 1280
2371 908 1966
2372 1574 589
2373 807 1667
2374 1696 1121
2375 617 1179
2376 271 76
2377 476 100
2378 1341 1285
2379 1400 1177
2380 1523 1638
2381 1765 918
2382 1445 1537
2383 775 929
2384 317 60
2385 1505 1287
2386 1160 942
2387 1763 324
2388 602 1052
2389 724 390
2390 1652 599
2391 1348 1447
2392 1952 1659
2393 1698 1640
2394 267 1973
2395 541 1634
2396 1080 1901
2397 1422 553
2398 1492 172
2399 1169 85
2400 688 844
2401 536 1731
2402 538 1997
2403 1431 1108
2404 1172 1290
2405 205 1578
2406 103 424
2407 1032 751
2408 549 1440
2409 1481 1585
2410 535 859
2411 1136 1420
2412 1868 648
2413 1379 1570
2414 893 1828
2415 1449 1129
2416 1563 1509
2417 766 643
2418 419 1919
2419 433 1722
2420 1645 1611
2421 1941 1973
2422 653 906
2423 1253 499
2424 839 1679
2425 24 1588
2426 1898 178
2427 1930 1863
2428 71 351
2429 1301 377
2430 617 1618
2431 1445 244
2432 1875 294
2433 1475 46
2434 1158 948
2435 1025 0
2436 1536 1029
2437 1642 800
2438 1145 1342
2439 204 784
2440 662 783
2441 1908 142
2442 1706 774
2443 1696 1640
2444 234 720
2445 971 1878
2446 549 1772
2447 526 1489
2448 1495 1521
2449 1657 395
2450 564 681
2451 747 1953
2452 1109 950
2453 735 786
2454 666 1710
2455 1912 1963
2456 1841 885
2457 1055 1940
2458 1218 1381
2459 791 861
2460 329 384
2461 538 1117
2462 1794 1930
2463 1065 421
2464 1937 1357
2465 1914 232
2466 1108 788
2467 469 1178
2468 485 1037
2469 395 320
2470 1488 995
2471 808 1314
2472 18 466
2473 174 482
2474 875 1549
2475 1673 1722
2476 1358 1171
2477 770 15
2478 1887 1010
2479 641 1816
2480 1040 1390
2481 443 500
2482 1331 968
2483 88 1878
2484 185 1418
2485 1145 259
2486 467 1139
2487 31 1093
2488 1963 1140
2489 418 1893
2490 1770 235
2491 946 1075
2492 921 642
2493 1264 327
2494 620 1174
2495 1795 1690
2496 952 1873
2497 193 750
2498 1441 958
2499 225 738
2500 1767 1776
2501 837 1700
2502 1430 823
2503 1234 1582
2504 1650 1877
2505 1361 7
2506 469 399
2507 1175 1974
2508 1395 1550
2509 1749 14
2510 1430 295
2511 332 1934
2512 606 86
2513 551 841
2514 361 1
2515 1831 1511
2516 125 396
2517 1631 1417
2518 359 1153
2519 1556 362
2520 1578 1084
2521 978 1125
2522 917 939
2523 312 561
2524 1668 1575
2525 1929 467
2526 1665 27
2527 801 889
2528 16 800
2529 126 1546
2530 505 322
2531 1570 323
2532 372 579
2533 777 1556
2534 1365 27
2535 1860 1374
2536 415 1978
2537 1323 869
2538 351 208
2539 1187 77
2540 1404 226
2541 239 1624
2542 1972 206
2543 1826 1683
2544 656 625
2545 1891 1826
2546 1328 1573
2547 1063 1167
2548 56 65
2549 1068 1023
2550 709 614
2551 1201 1505
2552 1715 124
2553 1738 994
2554 1689 274
2555 686 768
2556 1706 1528
2557 1314 1691
2558 799 1600
2559 1645 1833
2560 719 1491
2561 1291 339
2562 30 1373
2563 1438 1988
2564 280 305
2565 1996 1005
2566 1465 1305
2567 635 316
2568 545 678
2569 646 323
2570 968 1281
2571 551 921
2572 1686 1341
2573 17 1469
2574 261 242
2575 1735 1410
2576 261 546
2577 1723 1591
2578 170 599
2579 1261 849
2580 287 1852
2581 930 364
2582 874 292
2583 283 1391
2584 1911 104
2585 309 1013
2586 969 1358
2587 210 1387
2588 1506 35
2589 1965 870
2590 1420 462
2591 654 1152
2592 256 927
2593 70 1517
2594 1044 1153
2595 41 381
2596 1805 777
2597 302 774
2598 667 122
2599 633 868
2600 719 1213
2601 1459 176
2602 425 1727
2603 154 574
2604 69 193
2605 535 1329
2606 1470 628
2607 1208 1714
2608 1395 1364
2609 634 1213
2610 1271 325
2611 1422 1798
2612 1641 1186
2613 1734 1310
2614 105 419
2615 1075 903
2616 268 724
2617 1116 1801
2618 932 1726
2619 327 1916
2620 878 1525
2621 1510 1343
2622 1239 693
2623 1790 1299
2624 734 964
2625 1865 1757
2626 985 459
2627 553 1749
2628 597 315
2629 672 323
2630 980 1756
2631 228 1715
2632 49 323
2633 835 504
2634 1218 1279
2635 916 619
2636 560 95
2637 1805 1989
2638 991 969
2639 1458 651
2640 1256 613
2641 338 1270
2642 117 587
2643 1257 1518
2644 311 1477
2645 516 1995
2646 1360 1291
2647 964 836
2648 1054 987
2649 723 116
2650 1029 399
2651 1342 1629
2652 1210 1118
2653 402 1171
2654 587 1923
2655 1622 1849
2656 70 791
2657 1911 1490
2658 1206 851
2659 1915 55
2660 1411 1156
2661 577 1208
2662 1290 490
2663 1710 526
2664 646 538
2665 280 1138
2666 1727 1209
2667 355 302
2668 1774 990
2669 765 1503
2670 1915 311
2671 1818 1136
2672 1847 914
2673 314 1569
2674 723 201
2675 1566 1393
2676 376 1253
2677 1169 1979
2678 1358 217
2679 241 1948
2680 1197 931
2681 1594 226
2682 520 810
2683 982 1126
2684 1970 453
2685 684 119
2686 445 1387
2687 1775 1664
2688 1608 61
2689 262 1453
2690 392 145
2691 126 1381
2692 1231 1797
2693 324 655
2694 1292 403
2695 478 573
2696 67 352
2697 1866 740
2698 955 622
2699 1723 1587
2700 1897 858
2701 727 722
2702 1078 1690
2703 466 18
2704 1787 1141
2705 1405 949
2706 1183 1135
2707 1345 959
2708 184 1146
2709 1874 418
2710 570 806
2711 525 84
2712 49 366
2713 1998 1571
2714 752 110
2715 1358 479
2716 763 227
2717 1987 1956
2718 1904 1889
2719 842 887
2720 1765 4
2721 1674 65
2722 250 1375
2723 310 858
2724 359 1061
2725 668 990
2726 1838 1742
2727 1668 1287
2728 747 984
2729 569 5
2730 1841 108
2731 859 164
2732 1084 373
2733 151 701
2734 1131 963
2735 1588 1554
2736 2 990
2737 1387 950
2738 1965 138
2739 731 1708
2740 1284 1507
2741 780 1840
2742 1067 1868
2743 1268 529
2744 1340 193
2745 66 1345
2746 767 371
2747 560 122
2748 472 1944
2749 1420 1953
2750 512 1745
2751 457 68
2752 1594 327
2753 1062 1848
2754 1488 487
2755 1930 103
2756 1302 214
2757 489 1682
2758 1165 1946
2759 176 476
2760 1414 383
2761 213 1748
2762 1316 1132
2763 21 251
2764 1890 1633
2765 1252 451
2766 525 1461
2767 1680 1940
2768 858 1922
2769 987 604
2770 1489 1296
2771 0 660
2772 484 495
2773 1552 951
2774 1224 116
2775 139 438
2776 1012 826
2777 1906 1897
2778 1439 704
2779 1965 927
2780 1272 1304
2781 413 1847
2782 1871 1460
2783 697 1977
2784 1038 10
2785 1559 618
2786 1636 367
2787 907 1297
2788 1067 1895
2789 30 544
2790 1408 727
2791 722 1755
2792 1524 1379
2793 663 165
2794 1774 143
2795 1170 831
2796 932 1578
2797 50 1098
2798 1868 143
2799 1790 1809
2800 1595 1411
2801 805 1234
2802 932 1219
2803 1789 1582
2804 440 920
2805 1406 1559
2806 1567 784
2807 24 655
2808 666 1774
2809 198 144
2810 195 858
2811 725 1015
2812 497 63
2813 1166 1022
2814 1590 1617
2815 1267 1173
2816 1119 823
2817 706 1980
2818 1617 186
2819 1062 1584
2820 1867 371
2821 1535 345
2822 1100 362
2823 186 1970
2824 791 92
2825 1527 218
2826 256 1140
2827 1668 1335
2828 1637 1566
2829 1344 1984
2830 1713 1437
2831 1931 1520
2832 1076 675
2833 1740 581
2834 415 1744
2835 1186 694
2836 273 137
2837 1555 174
2838 803 1890
2839 1583 1690
2840 409 1766
2841 305 866
2842 1643 216
2843 1723 1026
2844 789 802
2845 905 854
2846 1550 637
2847 376 518
2848 523 924
2849 747 881
2850 404 976
2851 341 1028
2852 1974 961
2853 1629 706
2854 1192 125
2855 640 607
2856 587 735
2857 1057 1407
2858 1419 172
2859 894 439
2860 1722 1027
2861 1184 536
2862 253 1821
2863 1288 1405
2864 925 1519
2865 464 1767
2866 1246 1216
2867 1901 857
2868 1795 828
2869 1434 31
2870 496 458
2871 307 1092
2872 1196 1280
2873 1985 1954
2874 1616 1150
2875 919 744
2876 942 456
2877 85 1124
2878 970 1616
2879 304 1682
2880 986 194
2881 689 456
2882 1446 956
2883 162 926
2884 157 467
2885 1594 61
2886 1275 531
2887 1490 1139
2888 1838 1856
2889 1964 2
2890 1397 87
2891 1688 1907
2892 1675 290
2893 751 126
2894 103 1512
2895 1792 1110
2896 584 387
2897 815 791
2898 551 305
2899 1447 1052
2900 714 1137
2901 1519 1714
2902 121 127
2903 1931 558
2904 1804 792
2905 781 1150
2906 1718 1113
2907 1284 441
2908 1044 1410
2909 1336 1719
2910 1644 157
2911 871 713
2912 1578 1907
2913 966 878
2914 853 1587
2915 535 31
2916 1958 1310
2917 871 1377
2918 484 1301
2919 148 1873
2920 1678 332
2921 1438 576
2922 1342 132
2923 99 1692
2924 1111 1897
2925 1579 135
2926 1058 1597
2927 1820 1013
2928 1403 1071
2929 757 327
2930 306 1828
2931 62 756
2932 1449 1065
2933 1025 1734
2934 1396 459
2935 1743 211
2936 1561 549
2937 249 1257
2938 1611 1813
2939 339 1762
2940 1838 475
2941 1717 390
2942 1762 1206
2943 1687 1538
2944 960 1083
2945 1818 1681
2946 499 1758
2947 1890 791
2948 15 512
2949 903 1734
2950 1106 1532
2951 131 878
2952 1530 1843
2953 32 1037
2954 1788 1829
2955 1200 1364
2956 296 101
2957 434 83
2958 1903 1348
2959 478 1228
2960 1827 350
2961 1587 63
2962 574 839
2963 866 1823
2964 1333 239
2965 1496 786
2966 54 816
2967 1857 1805
2968 1007 1137
2969 942 1130
2970 929 1044
2971 447 1822
2972 786 95
2973 9 27
2974 453 567
2975 1756 1532
2976 680 1712
2977 1360 424
2978 153 750
2979 1228 1257
2980 709 974
2981 1854 1625
2982 153 1480
2983 466 622
2984 938 330
2985 1272 23
2986 1690 459
2987 1341 43
2988 974 1127
2989 1580 1619
2990 236 159
2991 1893 1211
2992 410 877
2993 592 675
2994 1596 1835
2995 811 1670
2996 1275 1164
2997 1265 1733
2998 1901 927
2999 307 709
3000 889 1270
3001 678 922
3002 1999 1668
3003 1195 157
3004 1769 1174
3005 1951 832
3006 1968 1179
3007 88 832
3008 1316 1970
3009 152 1936
3010 177 103
3011 378 1608
3012 570 118
3013 605 1257
3014 1516 1751
3015 159 431
3016 1911 1074
3017 1404 384
3018 1553 1114
3019 1669 1413
3020 520 1213
3021 938 322
3022 874 856
3023 1494 1550
3024 311 766
3025 701 797
3026 830 1163
3027 1239 1072
3028 830 128
3029 138 1821
3030 654 765
3031 1607 74
3032 1558 1672
3033 1016 1474
3034 1150 1635
3035 214 69
3036 1981 189
3037 837 732
3038 1703 1031
3039 1500 1464
3040 763 1654
3041 132 97
3042 52 1075
3043 1530 1344
3044 936 1969
3045 568 551
3046 138 1170
3047 1669 465
3048 124 1318
3049 810 1597
3050 35 841
3051 1835 1394
3052 1855 779
3053 690 1725
3054 1209 899
3055 1686 1520
3056 1245 1068
3057 469 1577
3058 1005 1868
3059 1216 1110
3060 23 1512
3061 1247 958
3062 100 1568
3063 1698 908
3064 1825 1261
3065 1919 1315
3066 643 1466
3067 535 976
3068 1966 1027
3069 1103 469
3070 725 732
3071 1886 760
3072 1675 1030
3073 652 1718
3074 306 748
3075 1060 1433
3076 542 674
3077 1632 503
3078 829 924
3079 1822 1020
3080 164 159
3081 100 1249
3082 732 51
3083 1714 1695
3084 403 714
3085 1129 217
3086 207 924
3087 294 1205
3088 57 1594
3089 1235 744
3090 1035 737
3091 1420 128
3092 415 1228
3093 1801 1393
3094 1011 1921
3095 190 749
3096 1958 188
3097 1101 1956
3098 136 1389
3099 289 1826
3100 1066 1405
3101 1729 1442
3102 1035 1788
3103 1117 1895
3104 595 909
3105 1872 693
3106 848 64
3107 24 259
3108 588 882
3109 863 1967
3110 228 359
3111 954 470
3112 1851 426
3113 393 1829
3114 254 1667
3115 804 769
3116 80 1516
3117 1827 1523
3118 353 1564
3119 1658 1417
3120 905 583
3121 1857 852
3122 1213 1423
3123 822 1453
3124 1898 856
3125 1507 398
3126 506 241
3127 1717 1960
3128 1870 613
3129 1197 169
3130 1505 1996
3131 165 901
3132 1869 609
3133 1077 1849
3134 235 563
3135 1680 621
3136 1112 1268
3137 1309 1962
3138 1170 1258
3139 483 921
3140 1040 442
3141 1742 134
3142 760 1012
3143 158 1755
3144 198 1229
3145 1363 1007
3146 763 436
3147 387 569
3148 598 1053
3149 150 947
3150 305 669
3151 1418 1682
3152 1164 255
3153 1897 1646
3154 1441 1232
3155 137 1501
3156 1571 1366
3157 1592 430
3158 1679 1678
3159 915 1595
3160 921 1312
3161 307 1996
3162 1053 319
3163 446 1918
3164 1477 1705
3165 1387 124
3166 1485 1106
3167 1693 1911
3168 719 1197
3169 424 1097
3170 1548 1739
3171 1057 1287
3172 415 1358
3173 345 1856
3174 606 58
3175 743 502
3176 1618 112
3177 212 1875
3178 170 1893
3179 1379 300
3180 1199 1121
3181 1475 856
3182 1507 186
3183 167 365
3184 203 862
3185 1709 398
3186 990 1359
3187 1 918
3188 1533 689
3189 384 266
3190 1120 1325
3191 306 1725
3192 1763 1927
3193 215 1894
3194 1625 762
3195 1050 1500
3196 16 1194
3197 1187 960
3198 1104 500
3199 489 659
3200 553 10
3201 1985 874
3202 1003 1212
3203 962 1688
3204 315 837
3205 878 353
3206 1554 573
3207 1034 1585
3208 1037 22
3209 182 1362
3210 1869 660
3211 622 531
3212 1058 552
3213 1440 957
3214 574 612
3215 1741 924
3216 1663 129
3217 427 1523
3218 1152 497
3219 1591 452
3220 588 1402
3221 1355 1383
3222 162 1293
3223 1501 361
3224 1323 411
3225 58 648
3226 1796 1507
3227 1507 1974
3228 546 1887
3229 1253 512
3230 558 1279
3231 994 650
3232 225 1543
3233 251 843
3234 784 890
3235 1619 1022
3236 1165 674
3237 1115 333
3238 220 456
3239 203 1027
3240 1523 245
3241 936 1080
3242 301 1389
3243 1406 636
3244 147 1545
3245 597 476
3246 1550 1754
3247 98 1525
3248 989 168
3249 295 543
3250 1562 233
3251 1217 1735
3252 1022 1954
3253 1498 1315
3254 487 1276
3255 1390 289
3256 1806 1291
3257 1329 200
3258 1394 1386
3259 1880 445
3260 209 1525
3261 935 318
3262 1964 109
3263 1424 451
3264 353 1931
3265 1126 1949
3266 877 1657
3267 1187 1752
3268 1106 827
3269 845 149
3270 1888 1141
3271 354 1013
3272 1788 1376
3273 496 1879
3274 64 973
3275 1362 1018
3276 153 1925
3277 1755 1956
3278 165 971
3279 647 705
3280 776 27
3281 878 1877
3282 1058 1444
3283 827 1509
3284 1043 1416
3285 412 155
3286 1577 1099
3287 1433 1139
3288 569 1048
3289 1333 1199
3290 1976 1319
3291 1156 963
3292 1710 687
3293 1643 1940
3294 1867 1060
3295 1272 1005
3296 713 1409
3297 1110 20
3298 624 1948
3299 1319 1217
3300 1589 341
3301 1744 152
3302 886 41
3303 1807 861
3304 451 614
3305 807 1602
3306 1113 1628
3307 980 910
3308 1037 232
3309 1256 250
3310 453 1340
3311 1582 322
3312 824 167
3313 572 1871
3314 351 974
3315 24 308
3316 1753 1407
3317 912 185
3318 1222 41
3319 1729 1261
3320 825 766
3321 260 1060
3322 887 1234
3323 1221 57
3324 1989 1848
3325 1228 1711
3326 731 1552
3327 1743 1141
3328 237 186
3329 1685 967
3330 522 1742
3331 816 1119
3332 1957 1283
3333 1771 674
3334 736 1435
3335 1809 1709
3336 443 1912
3337 771 1486
3338 1938 456
3339 714 338
3340 574 941
3341 327 986
3342 1786 927
3343 184 657
3344 125 484
3345 1652 1568
3346 910 1373
3347 290 1193
3348 614 495
3349 1447 547
3350 379 1461
3351 885 417
3352 653 1308
3353 392 327
3354 1785 945
3355 42 407
3356 209 315
3357 379 362
3358 693 261
3359 1355 1671
3360 1581 1050
3361 1945 1254
3362 1350 698
3363 1061 925
3364 522 1631
3365 322 1089
3366 313 1487
3367 1044 677
3368 708 1621
3369 998 1715
3370 1109 1334
3371 1659 1517
3372 1622 1086
3373 787 1758
3374 643 1938
3375 243 1975
3376 1972 1884
3377 354 1080
3378 491 322
3379 393 1990
3380 504 553
3381 621 1939
3382 1472 1939
3383 951 1411
3384 868 359
3385 1189 720
3386 179 1513
3387 793 979
3388 1781 1121
3389 1203 860
3390 1580 1372
3391 1483 993
3392 1739 208
3393 158 482
3394 1194 1889
3395 1298 809
3396 1067 437
3397 503 369
3398 476 828
3399 286 1605
3400 860 1906
3401 1247 1750
3402 994 885
3403 537 390
3404 280 1947
3405 271 1163
3406 758 1501
3407 724 166
3408 167 1347
3409 1665 1258
3410 1862 905
3411 439 1651
3412 1277 944
3413 336 1249
3414 897 1696
3415 230 1983
3416 315 229
3417 1668 1262
3418 1834 1597
3419 1838 929
3420 899 790
3421 294 1843
3422 1312 1116
3423 1598 1182
3424 364 1609
3425 1774 1140
3426 428 1403
3427 508 1711
3428 978 1162
3429 1380 1512
3430 214 1608
3431 1359 1073
3432 354 811
3433 970 1243
3434 728 1636
3435 1637 675
3436 1188 673
3437 932 754
3438 822 1085
3439 317 1704
3440 1251 1823
3441 239 440
3442 747 1007
3443 270 1879
3444 1603 1674
3445 706 734
3446 47 1437
3447 450 953
3448 58 1777
3449 1795 1744
3450 1643 1473
3451 56 1802
3452 406 205
3453 73 1341
3454 1347 529
3455 248 1392
3456 658 228
3457 536 137
3458 242 494
3459 509 1024
3460 1263 1420
3461 173 1210
3462 691 1636
3463 1423 1932
3464 1660 1037
3465 1376 432
3466 1437 1799
3467 38 607
3468 1766 1900
3469 1971 1717
3470 949 95
3471 954 1800
3472 1435 74
3473 1066 1418
3474 1265 1715
3475 556 602
3476 759 101
3477 481 520
3478 1485 724
3479 1579 865
3480 1887 1621
3481 1759 341
3482 6 719
3483 1576 1483
3484 359 1109
3485 1646 1735
3486 1843 488
3487 823 676
3488 675 415
3489 1892 1218
3490 292 783
3491 1876 1587
3492 464 418
3493 1145 495
3494 218 1976
3495 1468 1590
3496 1288 1211
3497 1167 83
3498 544 1702
3499 1638 346
3500 594 1708
3501 1313 1216
3502 168 873
3503 54 753
3504 198 573
3505 1559 1057
3506 1549 1427
3507 1870 709
3508 229 1809
3509 1556 1308
3510 1105 1463
3511 1021 1812
3512 1629 269
3513 568 574
3514 964 1334
3515 1022 146
3516 1234 1067
3517 424 1621
3518 656 1522
3519 1740 519
3520 1968 1672
3521 1051 1559
3522 775 1468
3523 648 1679
3524 1876 45
3525 732 436
3526 1409 1032
3527 1716 876
3528 315 784
3529 29 1014
3530 992 1473
3531 1380 249
3532 62 1347
3533 74 1201
3534 1050 31
3535 1781 1433
3536 1788 1367
3537 423 104
3538 1710 1444
3539 801 531
3540 1989 1063
3541 493 1332
3542 704 224
3543 406 1958
3544 902 497
3545 1922 1994
3546 1637 715
3547 585 1183
3548 1624 1406
3549 60 1179
3550 514 1970
3551 1619 1374
3552 1832 470
3553 1165 1334
3554 169 1846
3555 1733 1067
3556 1480 716
3557 42 142
3558 1602 898
3559 375 428
3560 1552 1240
3561 250 1342
3562 698 1451
3563 1978 863
3564 71 906
3565 1125 1557
3566 134 794
3567 80 135
3568 430 1132
3569 626 1563
3570 1966 1885
3571 1532 955
3572 529 100
3573 1117 1240
3574 1199 513
3575 1064 1147
3576 1348 1445
3577 1964 1807
3578 1326 1650
3579 359 446
3580 1255 1960
3581 1374 577
3582 1574 1080
3583 582 984
3584 1459 1373
3585 1478 57
3586 1825 1811
3587 473 1177
3588 1775 1909
3589 494 884
3590 394 421
3591 753 1274
3592 888 535
3593 245 259
3594 1584 1930
3595 1781 1622
3596 1483 354
3597 957 1235
3598 1040 596
3599 952 1157
3600 849 1926
3601 432 272
3602 345 777
3603 319 112
3604 554 282
3605 1468 656
3606 9 1622
3607 1366 381
3608 1437 241
3609 873 397
3610 1993 1981
3611 1362 1819
3612 143 1630
3613 220 1196
3614 1331 465
3615 441 1250
3616 5 1519
3617 190 752
3618 835 1875
3619 1864 529
3620 1089 1577
3621 1574 1712
3622 1875 1581
3623 179 1859
3624 1273 649
3625 1740 914
3626 1455 326
3627 616 813
3628 56 308
3629 71 82
3630 319 1828
3631 230 1109
3632 913 1114
3633 948 1569
3634 1981 1059
3635 1828 1506
3636 1115 279
3637 62 675
3638 1163 527
3639 823 1045
3640 1509 349
3641 1326 1814
3642 1302 1040
3643 1135 841
3644 1367 1566
3645 1419 384
3646 899 302
3647 1014 917
3648 1857 307
3649 1134 300
3650 1002 614
3651 578 197
3652 1942 1401
3653 1525 1028
3654 438 1491
3655 1732 862
3656 1233 825
3657 625 1066
3658 1851 1426
3659 773 1294
3660 593 1632
3661 757 657
3662 1392 1675
3663 1893 1464
3664 169 176
3665 1740 841
3666 126 1196
3667 419 362
3668 556 214
3669 704 313
3670 1578 1498
3671 121 556
3672 871 1832
3673 1859 1954
3674 1379 926
3675 1866 128
3676 1711 940
3677 623 819
3678 1078 512
3679 178 313
3680 644 1470
3681 1115 896
3682 1979 718
3683 1083 1064
3684 214 373
3685 332 685
3686 335 278
3687 1699 1840
3688 1442 595
3689 211 1143
3690 1309 1528
3691 1040 1039
3692 415 1382
3693 375 204
3694 662 1582
3695 912 154
3696 574 385
3697 643 1954
3698 1042 718
3699 729 1142
3700 1692 1842
3701 1768 585
3702 1899 1075
3703 1726 958
3704 1399 1788
3705 1593 1870
3706 1844 1716
3707 47 1752
3708 1504 921
3709 16 204
3710 111 531
3711 870 984
3712 1699 1912
3713 338 789
3714 346 615
3715 502 1294
3716 825 1322
3717 630 1242
3718 259 1382
3719 243 1201
3720 1003 880
3721 1528 702
3722 487 1883
3723 1206 1725
3724 1629 1936
3725 1968 1862
3726 1272 462
3727 1677 1193
3728 1830 1185
3729 880 1311
3730 1864 1415
3731 879 1869
3732 746 136
3733 1498 1098
3734 744 268
3735 146 1759
3736 530 1804
3737 582 409
3738 357 1489
3739 1827 1021
3740 180 1827
3741 788 760
3742 1480 1788
3743 1522 1548
3744 1600 1684
3745 686 679
3746 397 841
3747 1628 973
3748 1290 1627
3749 460 1920
3750 561 1975
3751 1195 1297
3752 1255 1125
3753 1693 949
3754 1534 703
3755 113 407
3756 646 1910
3757 1371 740
3758 1196 1879
3759 1778 720
3760 1591 241
3761 1297 321
3762 224 643
3763 86 941
3764 1847 462
3765 791 1279
3766 502 1795
3767 1547 1636
3768 642 1677
3769 1543 438
3770 113 5
3771 47 1260
3772 1729 635
3773 951 506
3774 1901 1310
3775 963 165
3776 1391 1822
3777 1616 1882
3778 718 166
3779 534 1152
3780 1870 1579
3781 510 767
3782 1608 235
3783 1018 94
3784 1891 1432
3785 428 493
3786 16 1918
3787 946 1589
3788 98 1567
3789 1260 154
3790 1745 763
3791 741 484
3792 26 1275
3793 840 119
3794 1710 1961
3795 976 1487
3796 1084 1419
3797 502 457
3798 1445 923
3799 897 569
3800 159 149
3801 1348 402
3802 246 1963
3803 1545 90
3804 676 1616
3805 1980 1469
3806 1335 796
3807 299 1370
3808 1163 1929
3809 265 1289
3810 765 1619
3811 1009 1330
3812 1956 541
3813 547 1107
3814 379 58
3815 97 1053
3816 1217 1125
3817 1968 474
3818 1069 1836
3819 546 1708
3820 1092 1724
3821 979 1225
3822 242 1270
3823 1019 656
3824 806 1832
3825 331 260
3826 1342 928
3827 1701 1095
3828 1134 271
3829 471 514
3830 54 887
3831 1997 1901
3832 207 414
3833 1978 1746
3834 1781 214
3835 567 1798
3836 804 972
3837 192 263
3838 1534 1428
3839 1817 1977
3840 200 1437
3841 516 301
3842 441 636
3843 236 1609
3844 237 290
3845 1211 1323
3846 1607 874
3847 995 202
3848 377 635
3849 185 1690
3850 1571 1856
3851 1958 306
3852 878 1449
3853 292 1548
3854 407 699
3855 1132 860
3856 1662 979
3857 171 1879
3858 1770 834
3859 562 922
3860 1804 1152
3861 1807 151
3862 690 1113
3863 1382 689
3864 1736 1828
3865 368 1382
3866 1721 963
3867 820 1234
3868 785 1142
3869 79 301
3870 558 1634
3871 351 460
3872 17 1830
3873 494 952
3874 248 463
3875 829 1562
3876 45 1286
3877 116 127
3878 1783 1468
3879 1891 1804
3880 1688 1412
3881 832 186
3882 1509 1511
3883 633 378
3884 1349 1669
3885 1015 1063
3886 275 221
3887 127 328
3888 465 1257
3889 1686 544
3890 256 399
3891 871 1435
3892 1963 1813
3893 462 1128
3894 183 252
3895 1262 1278
3896 736 678
3897 1189 1817
3898 917 519
3899 1076 1874
3900 1105 1447
3901 194 1848
3902 1244 1090
3903 307 707
3904 1666 446
3905 1965 1690
3906 932 1808
3907 1868 1153
3908 613 281
3909 103 1370
3910 917 1240
3911 226 1553
3912 1600 796
3913 704 1171
3914 418 227
3915 733 790
3916 94 1238
3917 1895 1371
3918 1466 813
3919 1633 1420
3920 115 1179
3921 1156 1096
3922 478 380
3923 22 1134
3924 994 590
3925 875 1121
3926 815 456
3927 1262 1526
3928 1576 993
3929 618 1598
3930 1274 345
3931 495 275
3932 928 756
3933 659 1973
3934 1767 1579
3935 737 1531
3936 87 400
3937 1413 1682
3938 1318 1471
3939 1345 1013
3940 1117 859
3941 799 16
3942 285 1474
3943 845 1892
3944 1584 6
3945 250 97
3946 900 1233
3947 1620 1004
3948 345 1744
3949 1243 436
3950 397 1708
3951 1385 506
3952 1346 9
3953 133 677
3954 188 1042
3955 1176 1803
3956 568 1849
3957 730 884
3958 1963 865
3959 1588 434
3960 268 562
3961 1501 562
3962 166 1777
3963 1909 640
3964 108 1015
3965 282 1933
3966 1305 1064
3967 392 1338
3968 479 1352
3969 1563 362
3970 23 1104
3971 1882 1030
3972 308 99
3973 1297 1455
3974 461 1594
3975 584 451
3976 651 171
3977 1450 1637
3978 1634 838
3979 970 1953
3980 1234 1149
3981 436 1626
3982 1664 1094
3983 225 1222
3984 1948 276
3985 1232 1354
3986 1216 1958
3987 1276 1683
3988 1841 1024
3989 513 925
3990 480 671
3991 533 573
3992 1532 1998
3993 1203 341
3994 1231 1492
3995 56 1934
3996 494 1863
3997 134 735
3998 895 1146
3999 1124 269
4000 1999 1182
4001 306 1398
4002 372 1141
4003 1654 701
4004 716 1729
4005 1149 1163
4006 573 428
4007 1244 1077
4008 885 611
4009 1997 1659
4010 1478 886
4011 832 182
4012 779 1025
4013 1973 175
4014 1410 1407
4015 1771 1873
4016 1480 1816
4017 1297 1845
4018 307 821
4019 1185 1808
4020 1823 47
4021 1689 1687
4022 456 1665
4023 347 664
4024 569 1418
4025 586 960
4026 896 1014
4027 668 392
4028 426 1343
4029 1039 1937
4030 1787 1754
4031 1675 168
4032 636 1496
4033 981 154
4034 803 1154
4035 930 56
4036 930 1015
4037 616 1749
4038 646 968
4039 514 841
4040 396 1111
4041 1301 860
4042 1893 1793
4043 346 507
4044 1256 536
4045 1630 1886
4046 781 1331
4047 1237 910
4048 1846 1776
4049 472 791
4050 1366 151
4051 1920 1629
4052 1137 1899
4053 1710 793
4054 26 963
4055 272 1068
4056 880 244
4057 352 1293
4058 30 700
4059 1401 1458
4060 1841 1382
4061 1945 552
4062 1942 937
4063 1047 1933
4064 626 1172
4065 1121 1247
4066 725 993
4067 17 251
4068 695 702
4069 275 1784
4070 1061 898
4071 827 900
4072 960 82
4073 1284 427
4074 871 1356
4075 1861 1104
4076 697 233
4077 489 1576
4078 1814 1178
4079 1807 845
4080 1948 524
4081 843 1858
4082 253 899
4083 1040 1784
4084 1339 808
4085 1732 664
4086 515 1598
4087 1189 185
4088 250 1466
4089 339 675
4090 1854 1470
4091 1202 1554
4092 467 257
4093 1398 838
4094 1363 792
4095 1236 614
4096 36 870
4097 802 698
4098 1836 352
4099 1790 85
4100 1270 1380
4101 599 191
4102 177 171
4103 1770 1166
4104 1459 1128
4105 900 1236
4106 1950 854
4107 492 1523
4108 73 998
4109 252 376
4110 1005 75
4111 1697 471
4112 825 1469
4113 38 1288
4114 1043 1128
4115 383 161
4116 984 1814
4117 1481 767
4118 6 1280
4119 1720 130
4120 545 40
4121 1079 1335
4122 1720 1603
4123 495 1491
4124 1275 1304
4125 1327 389
4126 1711 1706
4127 164 1184
4128 813 1156
4129 116 910
4130 1008 870
4131 1834 426
4132 1440 748
4133 765 660
4134 1005 730
4135 616 928
4136 206 1445
4137 1949 349
4138 723 677
4139 1360 982
4140 282 708
4141 937 652
4142 1887 874
4143 1442 577
4144 1481 924
4145 1008 193
4146 1220 1501
4147 294 1024
4148 1818 614
4149 1301 950
4150 1233 813
4151 755 1213
4152 716 890
4153 798 1206
4154 542 942
4155 1602 1765
4156 1558 1368
4157 624 998
4158 1087 1349
4159 973 258
4160 476 1443
4161 1042 928
4162 462 1861
4163 1740 262
4164 288 572
4165 1909 1566
4166 1544 1852
4167 1512 212
4168 1152 246
4169 1633 1225
4170 1529 56
4171 1053 337
4172 1463 1425
4173 1694 1110
4174 401 757
4175 1142 1853
4176 1447 382
4177 753 42
4178 772 1103
4179 407 946
4180 26 44
4181 1485 241
4182 1270 1296
4183 701 833
4184 1931 1213
4185 885 1481
4186 1084 1565
4187 1784 651
4188 1030 831
4189 553 1585
4190 415 1225
4191 868 801
4192 446 1734
4193 1243 1445
4194 1163 1556
4195 199 998
4196 1421 988
4197 10 894
4198 1801 1651
4199 1615 974
4200 1619 1923
4201 1690 1659
4202 1382 1599
4203 491 113
4204 1412 1716
4205 849 1261
4206 1016 1532
4207 1718 1750
4208 411 972
4209 1847 1979
4210 399 911
4211 223 485
4212 335 1727
4213 1422 707
4214 1629 196
4215 171 1188
4216 521 1627
4217 1385 65
4218 1790 1265
4219 1357 489
4220 1894 595
4221 1962 882
4222 888 773
4223 342 145
4224 136 297
4225 722 1295
4226 1941 999
4227 1525 1925
4228 1435 958
4229 36 1506
4230 1585 542
4231 275 81
4232 573 480
4233 653 1112
4234 66 1345
4235 646 751
4236 177 1140
4237 40 1505
4238 1278 1207
4239 131 1898
4240 538 1281
4241 568 1440
4242 1990 908
4243 378 544
4244 1886 268
4245 844 885
4246 1177 960
4247 1438 1040
4248 163 1308
4249 1432 1465
4250 1882 1448
4251 946 1513
4252 1731 903
4253 383 1732
4254 1565 310
4255 157 1162
4256 743 1806
4257 922 814
4258 692 1842
4259 1795 1073
4260 822 149
4261 508 1525
4262 1575 214
4263 632 708
4264 1607 258
4265 296 902
4266 92 1278
4267 47 798
4268 1120 621
4269 1810 1138
4270 231 1207
4271 1107 1238
4272 296 1971
4273 1578 217
4274 1588 1930
4275 80 1693
4276 1838 418
4277 1615 1335
4278 1482 1593
4279 1053 1617
4280 1963 613
4281 343 1708
4282 1628 1943
4283 1 130
4284 1854 727
4285 1484 1464
4286 560 933
4287 1588 363
4288 762 451
4289 1153 802
4290 1145 897
4291 626 1283
4292 1000 797
4293 1308 32
4294 1209 1713
4295 1160 890
4296 616 711
4297 798 1132
4298 447 1923
4299 956 931
4300 617 1419
4301 53 1063
4302 440 1279
4303 971 1743
4304 449 285
4305 1023 416
4306 1726 862
4307 996 1119
4308 542 943
4309 4 1343
4310 1169 1156
4311 156 203
4312 1092 1098
4313 369 1029
4314 580 759
4315 522 1283
4316 517 1593
4317 1571 1760
4318 1162 949
4319 515 1611
4320 1842 1481
4321 103 428
4322 1202 1729
4323 7 237
4324 1446 680
4325 486 902
4326 625 173
4327 438 1211
4328 1390 1598
4329 1946 1664
4330 1174 972
4331 906 1194
4332 1182 1319
4333 822 785
4334 365 1669
4335 1045 866
4336 1886 542
4337 1198 1261
4338 821 1137
4339 1890 1581
4340 237 1783
4341 1062 343
4342 342 1798
4343 1199 1529
4344 45 644
4345 1524 606
4346 1442 1587
4347 89 1517
4348 1061 904
4349 1873 1342
4350 261 14
4351 1684 435
4352 665 1950
4353 574 1897
4354 466 805
4355 664 1628
4356 1210 142
4357 1703 1770
4358 1972 346
4359 1492 313
4360 122 1064
4361 1351 749
4362 1625 25
4363 1808 1154
4364 1206 1655
4365 491 1761
4366 1218 1145
4367 1844 1105
4368 201 1359
4369 64 793
4370 1010 393
4371 1937 225
4372 1201 1540
4373 1722 1145
4374 1485 675
4375 1098 1415
4376 1483 957
4377 1647 798
4378 562 1829
4379 933 1186
4380 520 250
4381 1801 1870
4382 566 1364
4383 882 1495
4384 235 492
4385 1016 307
4386 1773 1674
4387 1584 1088
4388 72 1788
4389 999 1341
4390 956 78
4391 247 1684
4392 1407 770
4393 405 827
4394 1952 1807
4395 511 1509
4396 1408 219
4397 1486 1373
4398 1208 1850
4399 466 823
4400 687 1702
4401 1853 1011
4402 1271 212
4403 773 216
4404 924 1767
4405 1132 1007
4406 1895 434
4407 585 1858
4408 616 1868
4409 1614 1826
4410 689 650
4411 766 1144
4412 1104 1190
4413 1111 1789
4414 961 592
4415 616 1305
4416 324 1301
4417 1345 1388
4418 783 1827
4419 1895 1978
4420 1367 1220
4421 213 1912
4422 1365 264
4423 830 1573
4424 337 221
4425 1928 5
4426 1939 1274
4427 132 1655
4428 262 179
4429 493 87
4430 1775 617
4431 279 1977
4432 428 601
4433 1672 420
4434 1179 551
4435 1818 1432
4436 1687 1809
4437 1842 641
4438 1257 831
4439 322 386
4440 1666 395
4441 1163 1866
4442 1383 76
4443 455 688
4444 444 273
4445 579 1081
4446 954 1079
4447 310 439
4448 1033 1226
4449 361 87
4450 1724 875
4451 1870 1588
4452 1445 890
4453 1621 48
4454 1654 1217
4455 228 1689
4456 91 344
4457 672 816
4458 1699 345
4459 1670 1175
4460 1572 1210
4461 189 1178
4462 1361 751
4463 941 1566
4464 1438 612
4465 1061 1507
4466 1146 1183
4467 1929 1161
4468 37 667
4469 1451 1593
4470 1017 1887
4471 1882 1423
4472 1583 47
4473 68 1810
4474 782 1272
4475 312 212
4476 533 1923
4477 742 213
4478 923 1635
4479 1629 1068
4480 468 1909
4481 211 1564
4482 714 1977
4483 1276 1222
4484 1872 1454
4485 1413 971
4486 1869 422
4487 820 1973
4488 150 1991
4489 1583 265
4490 563 1452
4491 1302 1768
4492 1430 763
4493 20 1322
4494 1926 1700
4495 1133 1882
4496 342 1514
4497 1344 1830
4498 1028 1920
4499 1009 601
4500 235 1215
4501 534 869
4502 960 1154
4503 1244 1936
4504 1038 1039
4505 497 1151
4506 489 1906
4507 216 1288
4508 710 525
4509 1539 1108
4510 1432 1831
4511 1568 1197
4512 1242 906
4513 1409 1406
4514 367 245
4515 1913 534
4516 1805 1974
4517 1506 1395
4518 1344 908
4519 110 1782
4520 1994 1932
4521 1359 1241
4522 1882 1324
4523 374 324
4524 1664 1201
4525 1663 428
4526 55 931
4527 1947 1709
4528 1660 439
4529 1376 1518
4530 655 156
4531 643 326
4532 1252 0
4533 1489 503
4534 897 1712
4535 1083 1930
4536 1248 1452
4537 244 385
4538 1345 1311
4539 156 613
4540 1516 962
4541 959 1153
4542 844 1470
4543 1216 1444
4544 928 886
4545 1859 1583
4546 1537 508
4547 1068 1202
4548 238 389
4549 722 744
4550 300 1157
4551 1366 160
4552 1352 1490
4553 1551 1888
4554 1501 1650
4555 1457 1630
4556 1407 1776
4557 1181 189
4558 142 679
4559 1986 1267
4560 674 830
4561 1267 157
4562 572 1520
4563 1685 283
4564 378 1509
4565 1737 1692
4566 109 813
4567 27 1976
4568 1663 1997
4569 1406 1678
4570 222 1514
4571 1866 1348
4572 518 1114
4573 1597 1929
4574 851 1521
4575 787 925
4576 508 1356
4577 782 1168
4578 1314 1981
4579 1639 549
4580 662 1117
4581 619 530
4582 299 1650
4583 1309 624
4584 119 552
4585 1553 1849
4586 1897 1256
4587 1262 1110
4588 1619 1067
4589 1419 186
4590 58 1958
4591 408 1377
4592 1693 453
4593 1280 1159
4594 1787 1180
4595 602 1474
4596 1361 1929
4597 1533 1247
4598 1688 812
4599 1361 626
4600 1450 1354
4601 1913 1037
4602 560 637
4603 1830 362
4604 82 1627
4605 1728 403
4606 563 1226
4607 989 609
4608 531 544
4609 1073 1407
4610 349 169
4611 1006 841
4612 1282 536
4613 252 1108
4614 913 294
4615 248 1683
4616 907 1247
4617 1983 836
4618 789 1000
4619 552 426
4620 974 1612
4621 362 882
4622 1154 314
4623 557 1755
4624 541 282
4625 760 1566
4626 1771 646
4627 973 102
4628 1097 707
4629 800 525
4630 270 1884
4631 1964 1285
4632 953 394
4633 198 92
4634 143 529
4635 1555 1132
4636 1416 1073
4637 1505 132
4638 302 991
4639 1115 286
4640 810 1029
4641 580 1758
4642 74 1439
4643 1962 133
4644 1659 1657
4645 490 925
4646 1270 1020
4647 1711 145
4648 809 426
4649 738 1644
4650 747 892
4651 1340 1173
4652 655 1103
4653 1965 1703
4654 1807 946
4655 1824 410
4656 353 1302
4657 642 1854
4658 1694 359
4659 84 1387
4660 1389 817
4661 1429 291
4662 1388 343
4663 1994 437
4664 1589 1752
4665 750 452
4666 1768 1578
4667 685 1991
4668 778 1368
4669 1683 69
4670 722 1296
4671 6 393
4672 1309 311
4673 1705 553
4674 137 1071
4675 398 242
4676 1057 178
4677 1130 932
4678 1922 1252
4679 791 367
4680 1584 1520
4681 996 19
4682 393 24
4683 1858 1798
4684 905 1321
4685 97 1156
4686 1508 510
4687 1007 1479
4688 703 1590
4689 1792 1655
4690 1103 1087
4691 264 1553
4692 506 752
4693 782 303
4694 1193 697
4695 648 1352
4696 407 309
4697 873 1190
4698 693 1626
4699 27 820
4700 1654 1176
4701 342 1291
4702 1880 177
4703 1169 298
4704 909 1687
4705 810 48
4706 1193 494
4707 171 1396
4708 656 1187
4709 1251 1758
4710 1976 1125
4711 1933 45
4712 916 135
4713 618 15
4714 748 558
4715 1732 326
4716 770 816
4717 111 207
4718 1657 638
4719 1619 676
4720 893 1152
4721 484 724
4722 603 1090
4723 1787 1985
4724 206 1092
4725 1567 764
4726 581 1468
4727 568 1514
4728 1994 1530
4729 1461 1154
4730 1769 1225
4731 1020 488
4732 218 1357
4733 1246 352
4734 1522 932
4735 200 1695
4736 934 413
4737 1217 999
4738 1107 1478
4739 818 626
4740 408 1952
4741 749 300
4742 288 1606
4743 768 1548
4744 694 1614
4745 1778 258
4746 1096 68
4747 1817 1936
4748 1061 1726
4749 1394 428
4750 967 1573
4751 1831 555
4752 1279 139
4753 152 1500
4754 557 1233
4755 1826 760
4756 225 262
4757 1692 64
4758 1 709
4759 109 600
4760 1142 1067
4761 1976 1900
4762 1648 1443
4763 507 1046
4764 668 1590
4765 1061 1272
4766 1508 1304
4767 1243 1983
4768 1660 1000
4769 1443 3
4770 1903 1802
4771 46 1793
4772 1664 1219
4773 119 1028
4774 1989 1098
4775 686 269
4776 602 1139
4777 603 337
4778 1840 1784
4779 282 1453
4780 1642 819
4781 665 1719
4782 639 850
4783 422 298
4784 1089 976
4785 927 1299
4786 1030 414
4787 1321 1060
4788 997 1008
4789 186 1983
4790 1594 1216
4791 1558 209
4792 492 1539
4793 234 727
4794 949 1001
4795 1822 807
4796 273 208
4797 1309 1632
4798 71 1959
4799 1576 652
4800 185 1237
4801 1430 869
4802 63 1796
4803 534 1743
4804 910 380
4805 1355 1336
4806 1439 1638
4807 1609 43
4808 1683 1020
4809 1506 1398
4810 1369 1121
4811 72 1978
4812 765 1666
4813 1605 1331
4814 1934 462
4815 1642 1753
4816 222 244
4817 621 1520
4818 1482 1363
4819 1601 1565
4820 237 1650
4821 554 922
4822 1189 833
4823 1406 1059
4824 435 86
4825 1931 742
4826 370 952
4827 1910 1953
4828 1705 1805
4829 662 1004
4830 1232 588
4831 1674 1578
4832 1776 977
4833 703 913
4834 1093 1621
4835 313 612
4836 1152 649
4837 1805 342
4838 1074 414
4839 1968 281
4840 1140 280
4841 1768 1037
4842 1604 697
4843 956 424
4844 1131 1423
4845 731 681
4846 97 339
4847 1207 877
4848 406 124
4849 296 1362
4850 1797 880
4851 601 337
4852 1277 1287
4853 1929 1422
4854 1959 766
4855 421 1372
4856 539 47
4857 311 35
4858 1024 435
4859 1347 708
4860 1274 541
4861 254 23
4862 591 1981
4863 1995 1504
4864 1920 1127
4865 1846 1290
4866 194 1427
4867 846 537
4868 1661 1899
4869 1358 267
4870 415 788
4871 894 1238
4872 1121 1491
4873 463 1297
4874 1119 1309
4875 344 438
4876 1840 706
4877 486 1920
4878 535 1337
4879 555 910
4880 1397 1878
4881 397 1873
4882 243 1246
4883 604 1502
4884 175 1738
4885 1217 1054
4886 1097 829
4887 474 1389
4888 772 474
4889 962 1448
4890 1111 1296
4891 1570 1750
4892 1930 652
4893 924 57
4894 883 185
4895 633 1121
4896 120 1997
4897 157 1030
4898 1096 1269
4899 1158 1775
4900 1328 136
4901 1166 871
4902 1186 133
4903 981 1206
4904 266 1148
4905 1761 1272
4906 1693 1068
4907 35 1106
4908 1769 1868
4909 204 1465
4910 679 85
4911 97 1364
4912 1257 1286
4913 1062 60
4914 140 632
4915 737 68
4916 919 1544
4917 1753 1222
4918 1331 838
4919 105 186
4920 957 456
4921 234 517
4922 1847 900
4923 505 1936
4924 1678 1168
4925 1552 87
4926 1711 1556
4927 1992 1101
4928 1350 128
4929 292 1399
4930 226 1309
4931 212 1261
4932 277 84
4933 530 962
4934 1551 461
4935 1959 877
4936 521 1252
4937 645 1777
4938 611 585
4939 104 868
4940 941 444
4941 1299 815
4942 292 1141
4943 507 825
4944 247 1299
4945 1658 1840
4946 1771 1055
4947 147 1656
4948 912 1633
4949 1187 1682
4950 1820 1124
4951 692 1781
4952 1529 229
4953 1588 1900
4954 304 180
4955 1136 411
4956 1052 494
4957 149 1631
4958 1114 347
4959 1595 1962
4960 1166 722
4961 1279 1167
4962 801 1205
4963 1941 1620
4964 1328 1220
4965 81 1376
4966 1671 368
4967 1652 1566
4968 509 802
4969 859 1148
4970 1552 597
4971 1485 1228
4972 149 1761
4973 1650 1670
4974 639 1438
4975 1442 170
4976 1339 879
4977 1387 1532
4978 1200 1580
4979 1813 1356
4980 242 617
4981 1818 1803
4982 84 1809
4983 1998 611
4984 982 1722
4985 1697 950
4986 562 1913
4987 682 421
4988 709 1488
4989 1838 1297
4990 1644 788
4991 981 747
4992 1504 1421
4993 726 1457
4994 91 1389
4995 1492 1366
4996 259 1659
4997 1393 178
4998 1925 415
4999 1488 246
5000 779 1111
